Comment ID,Link ID,Parent ID,Author,Score,Publish Date,Permalink,Text,Stickied,Is Submitter
ey3j1ab,t3_cv5so6,t3_cv5so6,ourimagineforever,1,2019-08-25 15:40:19,/r/EDAnonymous/comments/cv5so6/ed_culture_is_having_enough_food_hidden_in_your/ey3j1ab/,I have *shelves* in my closet. Everything from gum and water flavoring boxes to individually measured candy corn baggies and peanut bars...Fiber 1 etc. galore....,False,False
ey2r4db,t3_cv5so6,t1_ey22kvt,randomreddituser748,1,2019-08-25 10:19:10,/r/EDAnonymous/comments/cv5so6/ed_culture_is_having_enough_food_hidden_in_your/ey2r4db/,"i put food in bags and hide them in my room, and put the empty packages in the kitchen so my parents think i ate it :/",False,False
ey2dzmm,t3_cv5so6,t1_ey22kvt,Savikitty,1,2019-08-25 07:34:15,/r/EDAnonymous/comments/cv5so6/ed_culture_is_having_enough_food_hidden_in_your/ey2dzmm/,"I literally have 2 boxes of girl scout cookies I bought in March and haven't touched just chilling in my food hoard, among many other snacks, lol.",False,False
ey246hl,t3_cv5so6,t1_ey22kvt,webtrauma,1,2019-08-25 04:01:19,/r/EDAnonymous/comments/cv5so6/ed_culture_is_having_enough_food_hidden_in_your/ey246hl/,I read this while looking at my 7 Oreo packs,False,True
ey245zi,t3_cv5so6,t1_ey22kvt,webtrauma,1,2019-08-25 04:00:57,/r/EDAnonymous/comments/cv5so6/ed_culture_is_having_enough_food_hidden_in_your/ey245zi/,F,False,True
ey22kvt,t3_cv5so6,t3_cv5so6,Georgie_Shrinks,1,2019-08-25 03:23:04,/r/EDAnonymous/comments/cv5so6/ed_culture_is_having_enough_food_hidden_in_your/ey22kvt/,"I've got a drawer of food in my dorm room that could probably sustain me for weeks, and whose contents I refuse to touch and probably will never eat 🙃",False,False
