Comment ID,Link ID,Parent ID,Author,Score,Publish Date,Permalink,Text,Stickied,Is Submitter
ffykhpp,t3_evjei6,t3_evjei6,myEDNOSaccount,1,2020-01-29 19:43:10,/r/EDAnonymous/comments/evjei6/wellness_wednesday_january_29_2020/ffykhpp/,"I ate a buncha McDonald's TW &gt;!2500kcal, and i purged it all!&lt; and it was delicious and i enjpyed every second.",False,False
ffykflm,t3_evjei6,t1_ffw3gul,KieranBoonee,1,2020-01-29 19:42:30,/r/EDAnonymous/comments/evjei6/wellness_wednesday_january_29_2020/ffykflm/,"Veggies are the best, couldn't live without them!",False,False
ffykdna,t3_evjei6,t3_evjei6,KieranBoonee,1,2020-01-29 19:41:53,/r/EDAnonymous/comments/evjei6/wellness_wednesday_january_29_2020/ffykdna/,"Woke up at 9pm, its now nearly 2 in the morning. I have a very normal sleep schedule.",False,False
ffyjx6x,t3_evjei6,t1_ffwg7sb,Panic-atthepanic,1,2020-01-29 19:36:39,/r/EDAnonymous/comments/evjei6/wellness_wednesday_january_29_2020/ffyjx6x/,Not advice but sometimes I feel the same.  Constant hunger.  Hopefully it ends soon.,False,False
ffyjuc8,t3_evjei6,t3_evjei6,Panic-atthepanic,1,2020-01-29 19:35:45,/r/EDAnonymous/comments/evjei6/wellness_wednesday_january_29_2020/ffyjuc8/,"I've been going to the gym.  I'm trying to learn to do pull ups rather than JUST cardio, though.  I've ordered protein powder to try and build muscle mass too.   I'm trying mindful eating.  It's not really working yet...",False,False
ffyavpl,t3_evjei6,t3_evjei6,lyssland,1,2020-01-29 17:54:27,/r/EDAnonymous/comments/evjei6/wellness_wednesday_january_29_2020/ffyavpl/,encouraging myself to expand from lean cuisines 4 days a week for lunch,False,False
ffxpl9b,t3_evjei6,t3_evjei6,FallingFallingFloor,1,2020-01-29 14:31:43,/r/EDAnonymous/comments/evjei6/wellness_wednesday_january_29_2020/ffxpl9b/,[deleted],False,False
ffxhclu,t3_evjei6,t3_evjei6,StressedCookie,1,2020-01-29 13:12:46,/r/EDAnonymous/comments/evjei6/wellness_wednesday_january_29_2020/ffxhclu/,I miss being cold,False,False
ffxa9hd,t3_evjei6,t1_ffx0v40,zucchinipie,1,2020-01-29 12:03:28,/r/EDAnonymous/comments/evjei6/wellness_wednesday_january_29_2020/ffxa9hd/,this is great to hear!! &lt;3 we're all proud of your progress and you've got this!,False,False
ffx0v40,t3_evjei6,t3_evjei6,ketothrowaway95,1,2020-01-29 10:29:01,/r/EDAnonymous/comments/evjei6/wellness_wednesday_january_29_2020/ffx0v40/,started therapy for the first time as an adult this week - will be attending weekly sessions focusing on DBT and cognitive therapy to attack the binge/purge side of my eating disorder. yesterday was my first purge free day in a few days!,False,False
ffwi2h1,t3_evjei6,t3_evjei6,grossenten98,1,2020-01-29 06:42:18,/r/EDAnonymous/comments/evjei6/wellness_wednesday_january_29_2020/ffwi2h1/,:D I’m sick and it’s raining. My exercise addiction is in danger. Must walk in place while listening to Creepypastas!,False,False
ffwg7sb,t3_evjei6,t3_evjei6,mustyday,1,2020-01-29 06:11:17,/r/EDAnonymous/comments/evjei6/wellness_wednesday_january_29_2020/ffwg7sb/,Anyone else experiencing extreme hunger? It’s been almost a week since I’ve been trying to recover and I’m trying to stick to 2000 calories (my maintenance) but I just keep binging. The last 3 days I’ve eaten at least 3000 calories. I feel like I cannot stop. I’m so so hungry. Does it go away? I don’t need to gain weight my bmi isn’t underweight. I don’t know how I’ll keep going without restricting,False,False
ffwbtx2,t3_evjei6,t3_evjei6,absolute_boy,1,2020-01-29 04:40:09,/r/EDAnonymous/comments/evjei6/wellness_wednesday_january_29_2020/ffwbtx2/,"Who else feels absolutely exhausted after a meal? I've been trying occasionally to eat healthy, low calorie but substantial dinners and rest afterwards so that I don't go crazy and inhale my kitchen, and within about 10 minutes a deep tiredness sets in that can last about an hour, probably as my food digests.",False,False
ffw4w8e,t3_evjei6,t3_evjei6,NoraMcG,1,2020-01-29 01:54:30,/r/EDAnonymous/comments/evjei6/wellness_wednesday_january_29_2020/ffw4w8e/,I started adding yoga to my workout routine. I don't go super hard on arm day so it's nice to have like abs + yoga to pad it out. it's also nice to bust out some poses to help with bad brain.  I've been missing drinking. I miss having something that helps me just check out a little and get fuzzy. I just can't drink calories anymore 🤷‍♀️,False,False
ffw3gul,t3_evjei6,t3_evjei6,tea-addicted-taemint,1,2020-01-29 01:24:37,/r/EDAnonymous/comments/evjei6/wellness_wednesday_january_29_2020/ffw3gul/,Am eating vegetables again (along with other foods) and it feels nice,False,False
