Comment ID,Link ID,Parent ID,Author,Score,Publish Date,Permalink,Text,Stickied,Is Submitter
fcnv62a,t3_ehn86z,t3_ehn86z,ToastNoodles,1,2019-12-31 13:04:21,/r/EDAnonymous/comments/ehn86z/hey_bulimia_is_expensive/fcnv62a/,I just realised I've spent about £150~ or so this week on binge purging. Fuck.,False,False
fcmt9qi,t3_ehn86z,t1_fcmsock,seanl25,1,2019-12-31 05:19:39,/r/EDAnonymous/comments/ehn86z/hey_bulimia_is_expensive/fcmt9qi/,"If I did that I'd probably throw up, not that that is something I avoid.",False,True
fcmsock,t3_ehn86z,t3_ehn86z,Aleph0-4,1,2019-12-31 05:05:43,/r/EDAnonymous/comments/ehn86z/hey_bulimia_is_expensive/fcmsock/,Same. I can't even bring myself to add up the amount,False,False
fclgidr,t3_ehn86z,t3_ehn86z,alwaysrelapsing17,1,2019-12-30 17:07:31,/r/EDAnonymous/comments/ehn86z/hey_bulimia_is_expensive/fclgidr/,Before winter break I could just go to my dining hall to binge (buffet style meals) but now that I'm home and have to cook or pay for food to binge on I feel triple the guilt but! Still! Can't! Stop!,False,False
fcl0vnz,t3_ehn86z,t3_ehn86z,Swimming_Elephant,1,2019-12-30 14:23:06,/r/EDAnonymous/comments/ehn86z/hey_bulimia_is_expensive/fcl0vnz/,"Right?! Like logically I understand why it doesn't make sense, but I can't help it sometimes. It sucks.",False,False
fckuqut,t3_ehn86z,t3_ehn86z,aimeeanon,1,2019-12-30 13:20:18,/r/EDAnonymous/comments/ehn86z/hey_bulimia_is_expensive/fckuqut/,"I spent $300 in a month on binging, I feel you",False,False
fckok6p,t3_ehn86z,t3_ehn86z,ehloveeash,1,2019-12-30 12:16:50,/r/EDAnonymous/comments/ehn86z/hey_bulimia_is_expensive/fckok6p/,It sucks when you start maxing out credit cards because of binges. Its crazy what the irrational brain will do during a binge.,False,False
fckkamg,t3_ehn86z,t3_ehn86z,artsydrunkprincess,1,2019-12-30 11:33:02,/r/EDAnonymous/comments/ehn86z/hey_bulimia_is_expensive/fckkamg/,"Same. I’ve spent so much money over the years wasted on binges that didn’t even stay down. Makes me feel sad, sick and ashamed.",False,False
fckiyfs,t3_ehn86z,t3_ehn86z,Pinkwashtub,1,2019-12-30 11:19:17,/r/EDAnonymous/comments/ehn86z/hey_bulimia_is_expensive/fckiyfs/,Went through my bank statements and I’ve spent £8k on binge food/eating out this year,False,False
fckhxhm,t3_ehn86z,t3_ehn86z,hallsofterris,1,2019-12-30 11:08:37,/r/EDAnonymous/comments/ehn86z/hey_bulimia_is_expensive/fckhxhm/,"i’m in the same boat, it sucks so much. 😔",False,False
