Comment ID,Link ID,Parent ID,Author,Score,Publish Date,Permalink,Text,Stickied,Is Submitter
eoup2bs,t3_bswlec,t1_eotfg0v,arabella_05,1,2019-05-26 08:14:34,/r/EDAnonymous/comments/bswlec/it_has_recently_come_to_my_attention_that_every/eoup2bs/,"of course, like I said it's all about intent !",False,False
eotppjx,t3_bswlec,t3_bswlec,AshamedAmphibian,1,2019-05-25 23:43:10,/r/EDAnonymous/comments/bswlec/it_has_recently_come_to_my_attention_that_every/eotppjx/,"Everyone in this world thinks being fat is bad and that skinny is good. There is always stuff about weight loss, or eating healthy. It does nothing but feed into EDs. Everyone says, ""skinny is good, just don't get *too* skinny."" It doesn't help. At all.  Plus what even is a normal diet? Cavemen lived off nothing but meat in the past. If anything, literally everyone has an ED. It's just that you only get punished (see: involuntarily committed to hospital) if you meet a certain BMI criteria. The fat diabetic in that same hospital totally isn't disordered eating when they eat a cupcake and shoot up insulin though. That's different clearly.",False,False
eotli04,t3_bswlec,t3_bswlec,yellowposy2,1,2019-05-25 23:03:07,/r/EDAnonymous/comments/bswlec/it_has_recently_come_to_my_attention_that_every/eotli04/,"I’m recently in a new friend group, and all the girls are so gorgeous and tiny. There is no doubt that at least half of them have EDs. It sucks because I was the skinny one in my old group and now I’m average (though I feel absolutely huge because my bones make me look enormous compared to everyone- curse my fucking rugby shoulders, I want to be TINY!).",False,False
eotfg0v,t3_bswlec,t1_eosliqx,Orange_MarkerDye,1,2019-05-25 22:10:16,/r/EDAnonymous/comments/bswlec/it_has_recently_come_to_my_attention_that_every/eotfg0v/,To be fair intermittent fasting (the kind where you have an 8 hour eating window not the kind where you only eat 3 days a week) was recommended to me by my doctor as a way to lower my a1c in a targeted approach for my diabetes (she does not know about my ED though),False,False
eoszadh,t3_bswlec,t3_bswlec,blackplumsummer,1,2019-05-25 19:56:36,/r/EDAnonymous/comments/bswlec/it_has_recently_come_to_my_attention_that_every/eoszadh/,All of my friends from high school have really obvious EDs and it's really weird noticing all of their behaviors. I sympathize with them but I don't know if they want to talk about it at all,False,False
eossxn0,t3_bswlec,t1_eosqp26,arabella_05,1,2019-05-25 18:58:46,/r/EDAnonymous/comments/bswlec/it_has_recently_come_to_my_attention_that_every/eossxn0/,"absolutely, i agree ! many are just blind to how unhealthy they are because of how normalised it is nowadays. (she says, with a handful of mental health issues and an ED lmao)",False,False
eosqp26,t3_bswlec,t1_eosliqx,livipup,1,2019-05-25 18:40:15,/r/EDAnonymous/comments/bswlec/it_has_recently_come_to_my_attention_that_every/eosqp26/,If feel like the behaviours are disordered whether you have an eating disorder or not because they're still unhealthy,False,False
eosliqx,t3_bswlec,t1_eorlb06,arabella_05,1,2019-05-25 17:58:13,/r/EDAnonymous/comments/bswlec/it_has_recently_come_to_my_attention_that_every/eosliqx/,"none of my friends have openly told me they have an ED but disordered eating is rampant I think. it's so normal now to have a 5 day celery juice cleanse, ""intermittent fasting"", feeling guilty after enjoying a nice meal and letting it ruin your whole week of eating to 'make up for it'. of course it's not always disordered, it's all about intent and psychology but i don't know a single girl who feels confident in her body and eating habits, regardless of size. it's sad honestly",False,False
eosl2uq,t3_bswlec,t1_eorax72,arabella_05,1,2019-05-25 17:54:46,/r/EDAnonymous/comments/bswlec/it_has_recently_come_to_my_attention_that_every/eosl2uq/,"yeah my friends regularly discuss buying weird weight loss pills off amazon, ironically I'm the one to tell them that losing weight means eating less and moving more yet i'm just as bad popping laxatives like tic tacs",False,False
eoskgze,t3_bswlec,t3_bswlec,thoughtpatrol20,1,2019-05-25 17:50:03,/r/EDAnonymous/comments/bswlec/it_has_recently_come_to_my_attention_that_every/eoskgze/,Damn this thread has me shook cus I go to some length to appear normal.,False,False
eosirqi,t3_bswlec,t3_bswlec,Lilith-Rising,1,2019-05-25 17:37:11,/r/EDAnonymous/comments/bswlec/it_has_recently_come_to_my_attention_that_every/eosirqi/,"It’s a spectrum, I try not to project disorders on others but it’s so clear that disordered thoughts and actions abound with the American women I know. It’s tragic, even if it isn’t dysfunctional enough to be considered a full disorder.",False,False
eorz0ll,t3_bswlec,t3_bswlec,Mr_White_Sky,1,2019-05-25 15:11:35,/r/EDAnonymous/comments/bswlec/it_has_recently_come_to_my_attention_that_every/eorz0ll/,Most of my female friends and about half of my male friends have ED behaviored eating habits,False,False
eorp22w,t3_bswlec,t3_bswlec,things2bethankful4,1,2019-05-25 13:55:14,/r/EDAnonymous/comments/bswlec/it_has_recently_come_to_my_attention_that_every/eorp22w/,"So true. My boyfriends sister has/had bulimia and after Easter dinner she left for the bathroom and came back without lipstick, looking testy-eyed and puffy. I was so sad for her",False,False
eorlkve,t3_bswlec,t3_bswlec,NeuntyNeun,1,2019-05-25 13:28:44,/r/EDAnonymous/comments/bswlec/it_has_recently_come_to_my_attention_that_every/eorlkve/,One of my closest friends has become unbearable to be around because everything she does is triggering to me. It really sucks but I can’t exactly tell her outright that the reason I’m distant is to not make me wanna kill myself.,False,False
eorlb06,t3_bswlec,t3_bswlec,livipup,1,2019-05-25 13:26:33,/r/EDAnonymous/comments/bswlec/it_has_recently_come_to_my_attention_that_every/eorlb06/,"Maybe I'm blind, but I've never met somebody else who seemed to have an ED. I mean, I know one other girl who does, but I knew about her ED before we even met.",False,False
eorhns8,t3_bswlec,t1_eorax72,sintos-compa,1,2019-05-25 12:59:30,/r/EDAnonymous/comments/bswlec/it_has_recently_come_to_my_attention_that_every/eorhns8/,Dieting and food are huuuge industries. It’s only gonna get worse. I feel EDs are natural side products from this.,False,False
eore8p8,t3_bswlec,t3_bswlec,OomfphOwie,1,2019-05-25 12:28:34,/r/EDAnonymous/comments/bswlec/it_has_recently_come_to_my_attention_that_every/eore8p8/,"I have a really keen sense of smell, so the amount of times I've noticed someone had recently purged is super high. (I mean in public restroom, not face to face )   I hate how common it is. But in a really sick fucked up way... It kinda makes me feel less shitty to know that the issues of body image that haunt me are more frequent than I assumed",False,False
eorcpiy,t3_bswlec,t3_bswlec,withextracheesepls,1,2019-05-25 12:14:38,/r/EDAnonymous/comments/bswlec/it_has_recently_come_to_my_attention_that_every/eorcpiy/,"literally every single one of my friends has or had an eating disorder, or at the very least significantly disordered tendencies  for some it makes sense that they do, i met them on mpa/edc/edgram, but some i met just... normally, and they all ended up confessing to me at some point they have an ed. it’s wild.",False,False
eorax72,t3_bswlec,t3_bswlec,HimawariHyuuga,1,2019-05-25 12:01:07,/r/EDAnonymous/comments/bswlec/it_has_recently_come_to_my_attention_that_every/eorax72/,"what even is normal nowadays? everyone i know is either overeating or undereating, and we all swap appetite suppressants like it's nothing 🤷🏻‍♀️ i'm so jealous of people with normal eating habits.",False,False
