Comment ID,Link ID,Parent ID,Author,Score,Publish Date,Permalink,Text,Stickied,Is Submitter
f7ghof5,t3_cuhrrb,t3_cuhrrb,bobange,1,2019-11-13 22:02:45,/r/EDAnonymous/comments/cuhrrb/i_just_got_offically_diagnosed_with_hashimotos/f7ghof5/,  I Have had hashimoto's for over  a decade.I have always had to be really restrictive with food intake or I would gain 10-20 lbs easily despite being medicated.Once initially medicated the weight loss is usually very modest 3-10 lbs.I remember reading somewhere that people with hypothyroidism need to eat 30% less than normal people just to maintain.Hashi's is a constant battle and sucks but finding a doctor that listens to you and your symptoms is key.,False,False
ezwnis3,t3_cuhrrb,t1_ezvur44,etonflesh,1,2019-09-11 11:52:29,/r/EDAnonymous/comments/cuhrrb/i_just_got_offically_diagnosed_with_hashimotos/ezwnis3/,"dw, heard loud and clear💖",False,False
ezvur44,t3_cuhrrb,t1_eztbr9s,BEDBulimic,1,2019-09-11 05:33:28,/r/EDAnonymous/comments/cuhrrb/i_just_got_offically_diagnosed_with_hashimotos/ezvur44/,Breaking rule 1- this is unethical and may potentially be detrimental to your health. You should not be abusing medications that are not prescribed to you.,False,False
eztn8n9,t3_cuhrrb,t1_eztmqw8,clever__name69,1,2019-09-10 11:50:45,/r/EDAnonymous/comments/cuhrrb/i_just_got_offically_diagnosed_with_hashimotos/eztn8n9/,"Yay glad to hear! And of course, good luck with everything :)",False,True
eztmqw8,t3_cuhrrb,t1_eztm6pw,etonflesh,1,2019-09-10 11:45:19,/r/EDAnonymous/comments/cuhrrb/i_just_got_offically_diagnosed_with_hashimotos/eztmqw8/,have sent the email so all is said and shared. i have found being on medication very helpful too. i’m glad your sibling is feeling better now. there is hope for us all x thank you kind stranger,False,False
eztm6pw,t3_cuhrrb,t1_eztl3kh,clever__name69,1,2019-09-10 11:39:12,/r/EDAnonymous/comments/cuhrrb/i_just_got_offically_diagnosed_with_hashimotos/eztm6pw/,"Hey, that's awesome. I'm really proud of you for taking the right steps to get help. I can't imagine the kind of hell you guys go through (on a much smaller scale I can sympathize from my OCD, but those impulses tend to be a lot less dangerous/self destructive than my sibling's manic depressive impulses), but if it's any consolation, it absolutely does get better. My sibling got help when I was in high school, and now she's completley mentally stable. She eventually finished up school at her dream college, and is now sucessfully job hunting in her preferred field :) it took a lot of hard work (and time to find the right medication balance) but she's back to being her old self 💖  I really hope things go well for you",False,True
eztl3kh,t3_cuhrrb,t1_ezthf8z,etonflesh,1,2019-09-10 11:27:16,/r/EDAnonymous/comments/cuhrrb/i_just_got_offically_diagnosed_with_hashimotos/eztl3kh/,"i’m drafting an email to my therapist as i type this, i think she will likely say something similar to you.  thank you for understanding, i come across awful with these impulses sometimes, but as you said, i wouldn’t want to harm my mum ever.   i’m trying to think about it in my head now and i think this probably all stems from packets of pills being a trigger, so i’ll sort something out about my mums meds being put in the locked safe along with the painkillers. out of sight and out of mind hopefully.   don’t stress about it coming across harsh, i think i need a verbal slap sometimes to actually see what a stupid thing my brain has convinced me into.  thank you for bearing with me, what i intended as a throwaway comment  has actually ended up opening up something i didn’t realize wasn’t normal.   just got to keep reminding myself not to take them, impulse control impulse control impulse control",False,False
ezthf8z,t3_cuhrrb,t1_eztgpes,clever__name69,1,2019-09-10 10:46:33,/r/EDAnonymous/comments/cuhrrb/i_just_got_offically_diagnosed_with_hashimotos/ezthf8z/,"That's a very smart idea, a very cloae relative of mine has bpd and we've had some really close, and scary calls with her before she became more stabilized. This is not safe or normal behavior, even for people with eating dysmorphia, PLEASE see your therapist asap.   Stay safe out there. And don't worry about upsetting me, I (and I think everyone on this subreddit) just want you to be safe. Sorry if I was really harsh, I just didn't want to sugar coat anything as rash and dangerous as drug abuse x",False,True
eztgpes,t3_cuhrrb,t1_eztg02h,etonflesh,1,2019-09-10 10:38:35,/r/EDAnonymous/comments/cuhrrb/i_just_got_offically_diagnosed_with_hashimotos/eztgpes/,"i’m honestly at the point rn where if i took it and died i would not give a single shit. but also looking at this i can recognise that this is a fucked up impulsive thing to do, sorry if i upset you.   bpd has got me thinking crazy shit and not even realising it. i will call my psych about this asap and try to prevent myself from doing it.  thanks for the wake up call??   again, sorry for upsetting you x",False,False
eztg02h,t3_cuhrrb,t1_eztbr9s,clever__name69,1,2019-09-10 10:30:39,/r/EDAnonymous/comments/cuhrrb/i_just_got_offically_diagnosed_with_hashimotos/eztg02h/,"Wowwww do NOT steal your mother's medicine, that is wrong for SO many reasons. Even if you push out the ethical reasons,  you can literally kill yourself if you take the wrong dosage since it can put you into hyperthyroidism (which can lead to extreme tachycardia and an eventual heart attack or valve prolapse).   Grow up, if you're concerned about you're t4 just SEE A DOCTOR. You are not qualified to treat yourself, and it's fucked up to steal someone else's meds",False,True
eztbr9s,t3_cuhrrb,t1_ezqib46,etonflesh,1,2019-09-10 09:42:00,/r/EDAnonymous/comments/cuhrrb/i_just_got_offically_diagnosed_with_hashimotos/eztbr9s/,"so my mum takes levothyroxine and has done for years for hers and i’m literally at a plateau, i can’t do any fucking more to lose weight that i’m considering stealing some of hers and taking it. but then if i get the blood test done the levels will come back fine because i’ll be supplemented. honestly a huge dilemma rn",False,False
ezr01hn,t3_cuhrrb,t1_ezqzg61,clever__name69,1,2019-09-09 16:53:59,/r/EDAnonymous/comments/cuhrrb/i_just_got_offically_diagnosed_with_hashimotos/ezr01hn/,"Aw yay!!! I hope it works out for you 💖💖💖 it can take a while to get on the right dosage, but it's SO worth it c:",False,True
ezqzg61,t3_cuhrrb,t3_cuhrrb,sowachowski,1,2019-09-09 16:50:29,/r/EDAnonymous/comments/cuhrrb/i_just_got_offically_diagnosed_with_hashimotos/ezqzg61/,"literally same!! i got diagnosed with hashi a few years ago, but went unmedicated at the time (blame me being dumb tbh). finally starting to go to the doctor to get on synthroid again and im so ready!!!",False,False
ezqyjfe,t3_cuhrrb,t1_ezqvgw8,clever__name69,1,2019-09-09 16:45:10,/r/EDAnonymous/comments/cuhrrb/i_just_got_offically_diagnosed_with_hashimotos/ezqyjfe/,"Damn that sucks so much I'm really sorry :/ I feel you on the cold thing though, I have dysautonomia so I'm always super overheated and have hot flashes all the time, even when I'm super under weight.   Do you get your thyroid checked a few times a year? Cause my doctor told me that people with hypothyroidism (and especially Hashimoto's) should get checked semi regularly since the levels can fluctuate a lot (and they have to calibrate the medicine dosages to accommodate for the changing t4 levels)",False,True
ezqvgw8,t3_cuhrrb,t3_cuhrrb,risaeola,1,2019-09-09 16:27:23,/r/EDAnonymous/comments/cuhrrb/i_just_got_offically_diagnosed_with_hashimotos/ezqvgw8/,"i have hypo as well and i’ve been medicated for ~6 months now but it’s so hard, i don’t trust calories or anything because they get messed up because of the thyroid. and i never get the validation from being cold all the time because is that from being skinny or hypo?",False,False
ezqs3ef,t3_cuhrrb,t1_ezqrmvg,clever__name69,1,2019-09-09 16:08:00,/r/EDAnonymous/comments/cuhrrb/i_just_got_offically_diagnosed_with_hashimotos/ezqs3ef/,Wooow that's wild! Bodies are so whack haha,False,True
ezqrmvg,t3_cuhrrb,t1_ezqr0xe,horehoundtea,1,2019-09-09 16:05:17,/r/EDAnonymous/comments/cuhrrb/i_just_got_offically_diagnosed_with_hashimotos/ezqrmvg/,thanks haha my thyroid always starts acting up around this time of year it’s weird lol 🧐🤔,False,False
ezqr0xe,t3_cuhrrb,t1_ezqq2ug,clever__name69,1,2019-09-09 16:01:28,/r/EDAnonymous/comments/cuhrrb/i_just_got_offically_diagnosed_with_hashimotos/ezqr0xe/,"Oh noooo that sucks! Glad to help, hope things get better :)",False,True
ezqq2ug,t3_cuhrrb,t3_cuhrrb,horehoundtea,1,2019-09-09 15:55:43,/r/EDAnonymous/comments/cuhrrb/i_just_got_offically_diagnosed_with_hashimotos/ezqq2ug/,ayyyyye this reminded me to get my thyroid checked because i’ve gained a bunch of weight for no reason lately (i got hypothyroidism) thanks man,False,False
ezqib46,t3_cuhrrb,t1_ezqb57l,clever__name69,1,2019-09-09 15:07:11,/r/EDAnonymous/comments/cuhrrb/i_just_got_offically_diagnosed_with_hashimotos/ezqib46/,"Yup! I was scared at first to go on it since I heard it can cause temporary hair loss, but so far I've had no complaints with it :)",False,True
ezqb57l,t3_cuhrrb,t1_ezqaoz4,etonflesh,1,2019-09-09 14:23:30,/r/EDAnonymous/comments/cuhrrb/i_just_got_offically_diagnosed_with_hashimotos/ezqb57l/,are you on levothyroxine for it?,False,False
ezqaoz4,t3_cuhrrb,t1_ezq9mx1,clever__name69,1,2019-09-09 14:20:44,/r/EDAnonymous/comments/cuhrrb/i_just_got_offically_diagnosed_with_hashimotos/ezqaoz4/,"If you're blood work indicated low t4 and t3 you should totally look into getting medication for it, if you can afford it! I started taking mine for about 3 weeks now and I can finally eat more calories c:   But I feel you, it's so frustrating man",False,True
ezq9mx1,t3_cuhrrb,t3_cuhrrb,etonflesh,1,2019-09-09 14:14:46,/r/EDAnonymous/comments/cuhrrb/i_just_got_offically_diagnosed_with_hashimotos/ezq9mx1/,BRUH THIS IS HAPPENING TO ME RIGHT NOW. been eating less than 400cal a day for 5/6 months and have been getting so many comments about how i should’ve lost more weight by now🤬 and my last blood test indicted an under active thyroid?!   time to rage quit,False,False
exw7t0u,t3_cuhrrb,t1_exw7abm,clever__name69,1,2019-08-23 21:47:59,/r/EDAnonymous/comments/cuhrrb/i_just_got_offically_diagnosed_with_hashimotos/exw7t0u/,"Aw that's so cool! Biochem's so fascinating. And thank you so much, that's really nice 💖",False,True
exw7abm,t3_cuhrrb,t1_exw6ty1,oh-em-jizzles,1,2019-08-23 21:40:55,/r/EDAnonymous/comments/cuhrrb/i_just_got_offically_diagnosed_with_hashimotos/exw7abm/,"thank u for the thorough explanation! im actually a biochem student so i enjoyed it haha. cheers, im glad ur finally getting the treatment u need!",False,False
exw6w5a,t3_cuhrrb,t1_exuq5sc,clever__name69,1,2019-08-23 21:35:34,/r/EDAnonymous/comments/cuhrrb/i_just_got_offically_diagnosed_with_hashimotos/exw6w5a/,Aww thank you! I really hope it helps too 💖,False,True
exw6v21,t3_cuhrrb,t1_exvd4e6,clever__name69,1,2019-08-23 21:35:09,/r/EDAnonymous/comments/cuhrrb/i_just_got_offically_diagnosed_with_hashimotos/exw6v21/,"Aw thank you, that's very kind of you! I'm very glad too :)",False,True
exw6ty1,t3_cuhrrb,t1_exuym4v,clever__name69,1,2019-08-23 21:34:43,/r/EDAnonymous/comments/cuhrrb/i_just_got_offically_diagnosed_with_hashimotos/exw6ty1/,"A good thing to look out for is if your TSH is very high but your T4 levels are on the low side of normal. These are usually the early signs of hypothyroidism that are easily missed by some primary care physicians.   *If your curious as to why it's a sign, it's because TSH (thyroid stimulating hormone) is a tropic hormone produced by the pituitary gland via instructions from a portion in the brain known as the hypothalamus. The pitutary gland releases TSH to signal the thyroid to produce t4. When someone has Hashimoto's, sometimes  the receptors that bind to the TSH are damaged by white blood cells that are mistakenly attacking the gland, resulting in lower levels of T4 hormones. The hypothalamus realizes that the thyroid isn't doing it's job, so to try and maintain homeostasis it keeps forcing the pituitary gland to pump out a shit load of TSH, but that doesn't do anything if the receptors are damaged :/ I'm not a doctor, but that's what I at least remember from anatomy and physiology and was reaffirmed on the details by my doctor today",False,True
exvd4e6,t3_cuhrrb,t3_cuhrrb,PM_ME_YER_SHIBA_INUS,1,2019-08-23 16:54:03,/r/EDAnonymous/comments/cuhrrb/i_just_got_offically_diagnosed_with_hashimotos/exvd4e6/,Holy shit. I'm so sorry. That's a horrible mindfuck. Glad you finally got the answer you needed.,False,False
exv98xb,t3_cuhrrb,t1_exv32m2,oh-em-jizzles,1,2019-08-23 16:17:06,/r/EDAnonymous/comments/cuhrrb/i_just_got_offically_diagnosed_with_hashimotos/exv98xb/,fuck well im going back to school in a diff state literally tomorrow so i dont have time to go back before :(((( shit fml,False,False
exv32m2,t3_cuhrrb,t1_exuym4v,wakeup_47,1,2019-08-23 15:23:59,/r/EDAnonymous/comments/cuhrrb/i_just_got_offically_diagnosed_with_hashimotos/exv32m2/,"I had this happen to me too and got the same reaction by my PCP. I brought it up again since I was experiencing every symptom of hypothyroidism and she agreed to treat me despite being technically in the ""normal"" range. Those ranges are guidelines that work for the majority of the population, but there are plenty of people who need more or less than what the guidelines recommend. Treating my thyroid has been literally life changing. So if you do have symptoms of hypothyroidism or Hashimotos, don't be afraid to open the conversation back up with your PCP!",False,False
exuym4v,t3_cuhrrb,t3_cuhrrb,oh-em-jizzles,1,2019-08-23 14:53:25,/r/EDAnonymous/comments/cuhrrb/i_just_got_offically_diagnosed_with_hashimotos/exuym4v/,"&gt; I went to a primary care physician, had a thyroid blood pannel done, and all of my results were on the very low side of normal ...She told me I was normal and had had nothing to worry about.   fuck i did the same earlier this summer and now im nervous oy",False,False
exuq5sc,t3_cuhrrb,t3_cuhrrb,annielovesbacon,1,2019-08-23 14:03:14,/r/EDAnonymous/comments/cuhrrb/i_just_got_offically_diagnosed_with_hashimotos/exuq5sc/,I’m glad you finally got answers!!! I’m sorry you had to suffer for so long though :( I hope the meds help!,False,False
