Comment ID,Link ID,Parent ID,Author,Score,Publish Date,Permalink,Text,Stickied,Is Submitter
esdvr4f,t3_c6zmvu,t1_esdui2f,vfgoiugkjgdslk,1,2019-06-29 23:53:17,/r/EDAnonymous/comments/c6zmvu/am_i_faking_ugh_help/esdvr4f/,Oh my God,False,False
esdui2f,t3_c6zmvu,t1_esdu8zs,BadDadBot,1,2019-06-29 23:32:32,/r/EDAnonymous/comments/c6zmvu/am_i_faking_ugh_help/esdui2f/,"Hi not faking it.   somedays, all of a sudden, i can see for myself the horror of what i've done to myself. but most days, , I'm dad.",False,False
esdu8zs,t3_c6zmvu,t3_c6zmvu,vfgoiugkjgdslk,1,2019-06-29 23:28:23,/r/EDAnonymous/comments/c6zmvu/am_i_faking_ugh_help/esdu8zs/,"No matter what BMI I am I still feel like a faker. When I was hospitalized I felt like a faker. In treatment I felt like a faker. No matter how severe my symptoms and behavior use are, I feel like a faker. In my half assed attempts at recovery I feel like a faker. I never, ever feel like I'm not faking it.   Somedays, all of a sudden, I can see for myself the horror of what I've done to myself. But most days, I'm in denial that it's become that bad. So I feel fake again.",False,False
