Comment ID,Link ID,Parent ID,Author,Score,Publish Date,Permalink,Text,Stickied,Is Submitter
efv5ilk,t3_ampqov,t1_efqxs4y,thenewbroken,1,2019-02-06 06:27:49,/r/EDAnonymous/comments/ampqov/holy_shit/efv5ilk/,"Well, its always good to get it checked out. ",False,False
efqxs4y,t3_ampqov,t1_efqjpmc,sstephenn,1,2019-02-04 14:35:45,/r/EDAnonymous/comments/ampqov/holy_shit/efqxs4y/,I don’t think I have ibs but I’d hate to experience this frequently omfg,False,True
efqjpmc,t3_ampqov,t3_ampqov,thenewbroken,1,2019-02-04 11:47:21,/r/EDAnonymous/comments/ampqov/holy_shit/efqjpmc/,IBS sucks ass. Seriously. Fucks me UP.,False,False
efpytor,t3_ampqov,t3_ampqov,kayteesays,1,2019-02-04 06:43:26,/r/EDAnonymous/comments/ampqov/holy_shit/efpytor/,"Trapped wind, maybe? ",False,False
efpkdwb,t3_ampqov,t1_efog08k,sstephenn,1,2019-02-04 00:11:54,/r/EDAnonymous/comments/ampqov/holy_shit/efpkdwb/,Life is weird,False,True
efog08k,t3_ampqov,t3_ampqov,xStingx,1,2019-02-03 14:26:40,/r/EDAnonymous/comments/ampqov/holy_shit/efog08k/,"Bro. I ordered Zaxby's last night for dinner as a cheat day, I didn't even finish it and this morning my belly was the size of a woman pregnant with twins. I had nasty burps and gas. I thought I could sleep it off. Nope. Woke up and was super uncomfortable.  I spent the next hour running back and forth to the potty. After I got everything out I was so damn hungry I binged. 😒",False,False
efo1typ,t3_ampqov,t1_efnuayz,sstephenn,1,2019-02-03 11:29:10,/r/EDAnonymous/comments/ampqov/holy_shit/efo1typ/,if I could give birth I’d think the same thing!!!,False,True
efnuayz,t3_ampqov,t3_ampqov,kittenbun,1,2019-02-03 09:47:52,/r/EDAnonymous/comments/ampqov/holy_shit/efnuayz/,"this is me every time i get an IBS attack, on the upside i'm like ""childbirth is gonna be a breeze compared this pain"" lmao. literally feels like my bowels are being torn open, stabbed, and set on fire",False,False
efnpmgp,t3_ampqov,t1_efnolco,sstephenn,1,2019-02-03 08:33:28,/r/EDAnonymous/comments/ampqov/holy_shit/efnpmgp/,Hmmm I’m not sure I recently went to a gi doctor  and they said I was fine besides elevated bilirubin from Gilbert’s syndrome. Probably just the result of me eating like 7 bread sticks LMAO,False,True
efnolco,t3_ampqov,t3_ampqov,gigi-has-issues,1,2019-02-03 08:14:24,/r/EDAnonymous/comments/ampqov/holy_shit/efnolco/,sounds like gallstones,False,False
