Comment ID,Link ID,Parent ID,Author,Score,Publish Date,Permalink,Text,Stickied,Is Submitter
faxz3rw,t3_ea9zas,t1_fawiywl,3cats_in_atrenchcoat,1,2019-12-15 00:44:55,/r/EDAnonymous/comments/ea9zas/do_you_think_i_broke_my_fast/faxz3rw/,Yeah like so long as it’s more than a few hours and you are having some milk or a splash of cream it’s fine. Honestly I normally drink black coffee but it’s too acidic for me to have on an empty stomach.,False,False
fawiywl,t3_ea9zas,t1_fawiudc,graylynnparadox,1,2019-12-14 19:07:04,/r/EDAnonymous/comments/ea9zas/do_you_think_i_broke_my_fast/fawiywl/,Yeah I stick to one or less than because liquid calories add up very quickly.,False,True
fawiudc,t3_ea9zas,t3_ea9zas,3cats_in_atrenchcoat,2,2019-12-14 19:06:02,/r/EDAnonymous/comments/ea9zas/do_you_think_i_broke_my_fast/fawiudc/,Depends on the type of fast. Generally speaking coffee with some milk or cream isn’t considered breaking a fast so long as you don’t have like 6,False,False
faozz4l,t3_ea9zas,t1_faoze7j,jtpuente,1,2019-12-13 16:35:03,/r/EDAnonymous/comments/ea9zas/do_you_think_i_broke_my_fast/faozz4l/,omg sameeee. tumblr was my main place though and none of my friends really used it,False,False
faoze7j,t3_ea9zas,t1_faoycza,graylynnparadox,1,2019-12-13 16:28:27,/r/EDAnonymous/comments/ea9zas/do_you_think_i_broke_my_fast/faoze7j/,Literally though lmao. Although I had to boot myself off insta at the time because people I knew kept finding my account because I was a stupid little teen who hooked it up with their number.,False,True
faoycza,t3_ea9zas,t1_faoub1i,jtpuente,1,2019-12-13 16:16:58,/r/EDAnonymous/comments/ea9zas/do_you_think_i_broke_my_fast/faoycza/,i feel like an old lady trying to be a part of this community now lool  when i was in high school it was all tumblr and instagram accounts,False,False
faoub1i,t3_ea9zas,t1_faots6s,graylynnparadox,1,2019-12-13 15:32:37,/r/EDAnonymous/comments/ea9zas/do_you_think_i_broke_my_fast/faoub1i/,Hey me too lmfaooooo,False,True
faots6s,t3_ea9zas,t1_faosz90,jtpuente,1,2019-12-13 15:27:02,/r/EDAnonymous/comments/ea9zas/do_you_think_i_broke_my_fast/faots6s/,"same here. had an ed through high school, recovered, then at 20 i’m going through it again   trying to navigate how new everything is like platforms and rules",False,False
faoti5x,t3_ea9zas,t3_ea9zas,pikasykos,1,2019-12-13 15:24:02,/r/EDAnonymous/comments/ea9zas/do_you_think_i_broke_my_fast/faoti5x/,it's really to each their own but if it helps at all i don't count gum or coffee against my own fasts,False,False
faosz90,t3_ea9zas,t1_faossfd,graylynnparadox,1,2019-12-13 15:18:20,/r/EDAnonymous/comments/ea9zas/do_you_think_i_broke_my_fast/faosz90/,Stg I don’t know the rules for this stuff I was strong in ana like half a decade ago so idk all of the new stuff. It’s got me kinda freaking a little. Honestly I fell off the wagon but I wanna get myself back where I was. I feel like I’m failing at it and it just... f e a r,False,True
faossfd,t3_ea9zas,t3_ea9zas,jtpuente,1,2019-12-13 15:16:16,/r/EDAnonymous/comments/ea9zas/do_you_think_i_broke_my_fast/faossfd/,literally went through this today. i feel like under 100cal is fine? maybe? i hope?,False,False
