Comment ID,Link ID,Parent ID,Author,Score,Publish Date,Permalink,Text,Stickied,Is Submitter
eojwfv1,t3_bs5ol2,t3_bs5ol2,peyton2724,1,2019-05-23 15:37:23,/r/EDAnonymous/comments/bs5ol2/i_am_on_a_positive_path/eojwfv1/,Woohoo!! You’ve got this  - congrats!!,False,False
eojnds9,t3_bs5ol2,t3_bs5ol2,Aygurlitsyaalt,1,2019-05-23 14:37:17,/r/EDAnonymous/comments/bs5ol2/i_am_on_a_positive_path/eojnds9/,Congrats!!! 👏,False,False
eojlfip,t3_bs5ol2,t3_bs5ol2,PieldeSapo,1,2019-05-23 14:24:37,/r/EDAnonymous/comments/bs5ol2/i_am_on_a_positive_path/eojlfip/,"THAT IS A CRAZY STREAK GUURL!  Please remember that slipups do happen, normal people overeat too sometimes so in case you do overeat one time don't let it get to you and spiral back! Just brush it off and keep going in the right direction &lt;3",False,False
eojcff4,t3_bs5ol2,t3_bs5ol2,piizza,1,2019-05-23 13:26:29,/r/EDAnonymous/comments/bs5ol2/i_am_on_a_positive_path/eojcff4/,🙌🏼🙌🏼🙌🏼 way to go!!,False,False
