Comment ID,Link ID,Parent ID,Author,Score,Publish Date,Permalink,Text,Stickied,Is Submitter
ehw0rnu,t3_axpiwm,t3_axpiwm,bollarcones,1,2019-03-05 20:33:29,/r/EDAnonymous/comments/axpiwm/what_creamer_do_you_put_in_your_coffee/ehw0rnu/,"I don't use creamer - I use unsweetened cashew milk. I can put in half a cup of cashew milk in my coffee, and still only be 13 calories in the hole",False,False
ehvqei3,t3_axpiwm,t3_axpiwm,guyinskeletoncostume,1,2019-03-05 18:19:34,/r/EDAnonymous/comments/axpiwm/what_creamer_do_you_put_in_your_coffee/ehvqei3/,Unsweetened vanilla cashew milk. I've found it's the creamiest.,False,False
ehvfsg1,t3_axpiwm,t3_axpiwm,springtimefairy,1,2019-03-05 16:09:08,/r/EDAnonymous/comments/axpiwm/what_creamer_do_you_put_in_your_coffee/ehvfsg1/,She isn't low cal or sugar free but I deadass cant use ANYTHING accept coffee mate italian sweet cream. I skip breakfast 99% of the time so I can have her every morning. She's just that good.,False,False
ehvcxs5,t3_axpiwm,t3_axpiwm,molotov-cocktail,1,2019-03-05 15:38:47,/r/EDAnonymous/comments/axpiwm/what_creamer_do_you_put_in_your_coffee/ehvcxs5/,"unsweetened vanilla almond milk, it's pretty creamy and has enough of a sweetness to it that you don't need to add sugar (i do anyway lmao) and it's 40cal per cup so if basically nothing if you're adding just a splash, especially comparative to cows milk ",False,False
ehvciog,t3_axpiwm,t3_axpiwm,meimeiya,1,2019-03-05 15:34:15,/r/EDAnonymous/comments/axpiwm/what_creamer_do_you_put_in_your_coffee/ehvciog/,"i was drinking it black for a long time before i went back to half and half. a little bit goes a long way, i usually measure about half a tablespoon for 8oz.",False,False
ehv6daf,t3_axpiwm,t3_axpiwm,LolitaJane,1,2019-03-05 14:28:05,/r/EDAnonymous/comments/axpiwm/what_creamer_do_you_put_in_your_coffee/ehv6daf/,"I usually have 1 Tbsp of coffee cream in my first (and sometimes 2nd) coffee of the day, and then switch to black for the rest of the day.  Some brands and roasts of coffee I actually like black, while some I find undrinkable without cream.",False,False
ehv5rrc,t3_axpiwm,t3_axpiwm,grandeicedcovfefe,1,2019-03-05 14:21:38,/r/EDAnonymous/comments/axpiwm/what_creamer_do_you_put_in_your_coffee/ehv5rrc/,I like unsweetened almond milk (it’s 40cal per cup and I use about 1/8 cup) and then I’ll add monk fruit sweetener drops (0 cal) to reach my desired sweetness. ,False,False
ehv5a9w,t3_axpiwm,t1_ehv57wd,JuBelen,1,2019-03-05 14:16:31,/r/EDAnonymous/comments/axpiwm/what_creamer_do_you_put_in_your_coffee/ehv5a9w/,Sometimes I'll add a drop of vainilla extract and it makes it 👌🏼✨ great,False,False
ehv57wd,t3_axpiwm,t3_axpiwm,JuBelen,1,2019-03-05 14:15:48,/r/EDAnonymous/comments/axpiwm/what_creamer_do_you_put_in_your_coffee/ehv57wd/,"I do 120ml of coffee and 80ml of skim milk, and I grow my own stevia which is what I use to sweeten everything",False,False
ehv56ke,t3_axpiwm,t3_axpiwm,zombeezinthetrap,1,2019-03-05 14:15:23,/r/EDAnonymous/comments/axpiwm/what_creamer_do_you_put_in_your_coffee/ehv56ke/,I use almond milk creamer. The brand I get is only 15 cal per tablespoon. Cafe au laits (coffee + steamed milk) are my second love. I make mine with almond milk (30 cals) and cinnamon. ,False,False
ehv4ont,t3_axpiwm,t3_axpiwm,amborgg,1,2019-03-05 14:09:46,/r/EDAnonymous/comments/axpiwm/what_creamer_do_you_put_in_your_coffee/ehv4ont/,I personally just use regular milk (2%) or cream. Unless you’re using like a quarter cup it’s almost no calories. I don’t put sugar in my coffee so I figure the tiny couple drips won’t kill me. I have used coconut milk before but it’s def less - creamy- so if you’re trying plant based I’d say almond milk. Soy was too gritty for me lol. ,False,False
