Comment ID,Link ID,Parent ID,Author,Score,Publish Date,Permalink,Text,Stickied,Is Submitter
eulx428,t3_cguglp,t3_cguglp,think_addict,1,2019-07-23 14:04:04,/r/EDAnonymous/comments/cguglp/ive_started_eating_all_the_foods_im_restricting/eulx428/,Lol I just did this last night  I just found this subreddit. I'm relating to way too many of these posts,False,False
eul71ck,t3_cguglp,t3_cguglp,bruno_guy,1,2019-07-23 11:02:54,/r/EDAnonymous/comments/cguglp/ive_started_eating_all_the_foods_im_restricting/eul71ck/,"lol i do that all the time it helps me tho to be like i can eat it in my dreams but not in real like, just like a boyfriend i can have one in my dreams but not in real life",False,False
