Comment ID,Link ID,Parent ID,Author,Score,Publish Date,Permalink,Text,Stickied,Is Submitter
fcoa3ux,t3_ei6ng9,t3_ei6ng9,sjsmiles,1,2019-12-31 15:20:28,/r/EDAnonymous/comments/ei6ng9/advice_on_multivitamins/fcoa3ux/,I like liquid vitamins..I think they probably absorb better but IDK. I take Garden of Life multivitamins.,False,False
fco8i94,t3_ei6ng9,t1_fco6k1n,throwsomewheymyway,1,2019-12-31 15:02:10,/r/EDAnonymous/comments/ei6ng9/advice_on_multivitamins/fco8i94/,"Thank you. None of us are paragons of health here, but if we want to lend any legitimacy to the phrase, ""stay safe, lovelies"", we need to look out for each other.  For people who eat below 1300 kcal/day (which I wager is a large portion of the sub), a multivitamin is recommended to lower the risk of nutrient-deficiency-related issues. But follow the recommended daily values and try to get nutrients from whatever food you do eat.",False,False
fco6k1n,t3_ei6ng9,t1_fco61f5,lover_007,1,2019-12-31 14:43:59,/r/EDAnonymous/comments/ei6ng9/advice_on_multivitamins/fco6k1n/,Thanks for posting some facts ❤️❤️❤️ u da real MVP,False,False
fco61f5,t3_ei6ng9,t1_fcny9ey,throwsomewheymyway,1,2019-12-31 14:39:12,/r/EDAnonymous/comments/ei6ng9/advice_on_multivitamins/fco61f5/,"Actually, if you check ""Watson W, Litovitz TL, Klein-Schwartz W, Rodgers GC Jr., Youniss J, Reid N, Rouse WG, Rembert RS, Borys D. 2003 Annual report of the American Association of Poison Control Centers Toxic Exposure Surveillance System. A J Emerg Med. 2004;22:335-404."", you'll see that there were several fatalities from Vitamin or mineral toxicity. If you visit the National Capital Poison Center, you'll see an entire article on iron poisoning and the dangers involved (including death).  This, coupled with the extremely lax standards the FDA holds supplements to (I would encourage you to look at studies testing how actual amounts of various nutrients can differ drastically from the label, as well as the contaminants like *prescription medication, heavy metals, and pesticides* that have been found), as compared to drugs (which are held to stringent production standards), means that over supplementation can frequently be dangerous.  Nutrient deficiencies are far more common, but that doesn't mean that nutrient toxicity is any less dangerous.  Please don't spread misinformation that could lead to people getting hurt.",False,False
fco1hzl,t3_ei6ng9,t1_fco0r0h,lover_007,1,2019-12-31 13:59:39,/r/EDAnonymous/comments/ei6ng9/advice_on_multivitamins/fco1hzl/,It’s not like they were trying to poison themselves 😂 they thought they were being healthy and vitamins could do no harm....,False,False
fco0r0h,t3_ei6ng9,t1_fcnz783,TomaVanPey,1,2019-12-31 13:53:33,/r/EDAnonymous/comments/ei6ng9/advice_on_multivitamins/fco0r0h/,"Never said I had medical training either.   Again, why would someone overdo the potassium? Doesn't make any sense at all.",False,False
fcnz783,t3_ei6ng9,t1_fcny9ey,lover_007,1,2019-12-31 13:40:42,/r/EDAnonymous/comments/ei6ng9/advice_on_multivitamins/fcnz783/,"I know someone who was poisoning themselves by overdoing the potassium... maybe they didn’t die, but they were experiencing horrible symptoms. I don’t think this is wise or accurate medical advice.",False,False
fcny9ey,t3_ei6ng9,t1_fcnvsjz,TomaVanPey,1,2019-12-31 13:32:51,/r/EDAnonymous/comments/ei6ng9/advice_on_multivitamins/fcny9ey/,"That's just typical fearmongering nonsense with no evidence that *very high doses, vitamins and minerals can be as toxic as other compounds present in the food and the environment.* Why whould anyone attempt to overdose on iron or potassium anyway? Men don't need iron supplements while women do for their period.   Vitamins and minerals even at extremely high doses are much safer than all the prescriptions that kill thousands of people each year, even properly taken, not even counting the opioid crisis.  Zero dead people from vitamin megadoses!  But there's a lot of people dying because they don't take vitamin megadoses...",False,False
fcnvsjz,t3_ei6ng9,t1_fcnsxfz,throwsomewheymyway,1,2019-12-31 13:10:25,/r/EDAnonymous/comments/ei6ng9/advice_on_multivitamins/fcnvsjz/,"Just be careful about overdoing it! Water-soluble vitamins are generally fine because you'll pee out the excess, but fat-soluble vitamins will accumulate and may start to cause problems down the line. Also, in large short-term doses, you can absolutely get things like iron or potassium(hyperlakemia) poisoning which can be highly destructive.   It's like insulin - the dose needs to fit what your body needs. Too much is as bad as too little.  ""...even the briefest of reviews of the available literature shows that, at very high doses, vitamins and minerals can be as toxic as other compounds present in the food and the environment. "" (Toxicology of Micronutrients: Adverse Effects and Uncertainty, Renwick, A. G., 2006)",False,False
fcnsxfz,t3_ei6ng9,t3_ei6ng9,TomaVanPey,1,2019-12-31 12:43:22,/r/EDAnonymous/comments/ei6ng9/advice_on_multivitamins/fcnsxfz/,"Get the Kirkland multis at Costco for quantity and quality! The other vitamins and supplements sold there are equally good for price, quantity and quality. Of course, there's always online and I have no qualms in buying them at drugstores either. Just don't buy them from MLMs. They're good, no doubt, just horribly expensive.  I take three of them every day at each meal sometimes more if I eat out with friends. The brightly coloured urine means that my kidneys are filtering a nutrient-enriched blood.   For vitamins to work, you need to take really high doses ie optimal or megadoses. Nobody ever died from such large amounts. In addition to my three multis, I take a lot more of the alphabet vitamins, other minerals and supplements.",False,False
fcnseec,t3_ei6ng9,t3_ei6ng9,lover_007,1,2019-12-31 12:38:39,/r/EDAnonymous/comments/ei6ng9/advice_on_multivitamins/fcnseec/,I’ve heard prenatal vitamins are good if you’re restricting bc they’re easier on the stomach! Been meaning to pick some up myself,False,False
fcnryxc,t3_ei6ng9,t3_ei6ng9,_OrphanSlayer_,1,2019-12-31 12:34:57,/r/EDAnonymous/comments/ei6ng9/advice_on_multivitamins/fcnryxc/,"In Norway we got vitamin bjørner. Those are good. Got lots of vitamins. This comment most likely won't help, but i just thought I'd share this.",False,False
