Comment ID,Link ID,Parent ID,Author,Score,Publish Date,Permalink,Text,Stickied,Is Submitter
epwi59q,t3_bw0pd9,t1_epvtvcy,HappyAsianLol,1,2019-06-03 10:40:31,/r/EDAnonymous/comments/bw0pd9/im_gonna_cry_im_so_frustrated/epwi59q/,sksoskskdiffi I got scared there for a bit that it was because I was high restricting or whatever ahhh,False,True
epwi0rx,t3_bw0pd9,t1_epvd6gn,HappyAsianLol,1,2019-06-03 10:39:05,/r/EDAnonymous/comments/bw0pd9/im_gonna_cry_im_so_frustrated/epwi0rx/,Thank you so much I’m freaking out but this reassured me a little so thank you lol.,False,True
epvv1mr,t3_bw0pd9,t1_epvtwtp,samema,1,2019-06-03 04:05:42,/r/EDAnonymous/comments/bw0pd9/im_gonna_cry_im_so_frustrated/epvv1mr/,Yeah np I just noticed and thought it was pretty funny,False,False
epvtwtp,t3_bw0pd9,t1_epvtvcy,ndc55,1,2019-06-03 03:32:06,/r/EDAnonymous/comments/bw0pd9/im_gonna_cry_im_so_frustrated/epvtwtp/,"Lol, sorry. I wanted to say that it's very restrictive, harsh*. Thanks for pointing it out.",False,False
epvtvcy,t3_bw0pd9,t1_epu9lay,samema,1,2019-06-03 03:30:57,/r/EDAnonymous/comments/bw0pd9/im_gonna_cry_im_so_frustrated/epvtvcy/,When you said 700 is a bit much I took it the wrong way and was about to prepare my speech lol,False,False
epvd6gn,t3_bw0pd9,t1_epu91rz,rdnvl,1,2019-06-02 21:55:15,/r/EDAnonymous/comments/bw0pd9/im_gonna_cry_im_so_frustrated/epvd6gn/,I’m on mine too and I’m like 10 lbs heavier than usual despite not changing my eating habits. Just wait until you’re in the clear before weighing yourself. I know it’s hard but hormonal weight changes are 100% beyond your control.,False,False
epu9lay,t3_bw0pd9,t1_epu8pav,ndc55,1,2019-06-02 15:09:01,/r/EDAnonymous/comments/bw0pd9/im_gonna_cry_im_so_frustrated/epu9lay/,"You're doing everything right. Don't worry.  700kcals is a bit much, so watch out for health problems. You've done very well, just our bodies tend to keep us off of enjoying our successes.  Have you measured your waist, wrists or other parts? Maybe you lost there some cm.  A friend of mine told me to measure myself so I don't feel so bad when I hit such a wall and that progress is still being made although the scale won't show it.  You did great, you had a lot of strength, more than I have. Don't give up, you're efforts count toward your success! 🤗",False,False
epu91rz,t3_bw0pd9,t3_bw0pd9,HappyAsianLol,1,2019-06-02 15:04:48,/r/EDAnonymous/comments/bw0pd9/im_gonna_cry_im_so_frustrated/epu91rz/,Tmi it might be because of my period which came really weird this time it’s only spots but idk I don’t know what to do I feel disgusting,False,True
epu8pav,t3_bw0pd9,t3_bw0pd9,HappyAsianLol,1,2019-06-02 15:02:02,/r/EDAnonymous/comments/bw0pd9/im_gonna_cry_im_so_frustrated/epu8pav/,I’m crying,False,True
