Comment ID,Link ID,Parent ID,Author,Score,Publish Date,Permalink,Text,Stickied,Is Submitter
ec1l4su,t3_a6zwaa,t3_a6zwaa,godonvideocall,1,2018-12-18 07:57:29,/r/EDAnonymous/comments/a6zwaa/all_i_want_is_chickfila/ec1l4su/,I feel really bad but this was well written. The build up was amazing😂😂,False,False
ec0mc0z,t3_a6zwaa,t3_a6zwaa,ehloveeash,1,2018-12-17 19:35:52,/r/EDAnonymous/comments/a6zwaa/all_i_want_is_chickfila/ec0mc0z/,Oh wow this is me and it’s always chick fil a. I would do horrible things for a spicy chicken sandwich with extra pickles on day 3 of a fast. ,False,False
ec0k3rm,t3_a6zwaa,t3_a6zwaa,XiuCyx,1,2018-12-17 19:03:19,/r/EDAnonymous/comments/a6zwaa/all_i_want_is_chickfila/ec0k3rm/,Hahaha I’m dying. I only ever crave it on Sundays. Every. Time. ,False,False
ebzsbq1,t3_a6zwaa,t3_a6zwaa,Ivydroplet,1,2018-12-17 12:51:30,/r/EDAnonymous/comments/a6zwaa/all_i_want_is_chickfila/ebzsbq1/,Their frosted lemonade is heaven-sent! ,False,False
ebzs49g,t3_a6zwaa,t3_a6zwaa,jeaniebrownie,1,2018-12-17 12:48:50,/r/EDAnonymous/comments/a6zwaa/all_i_want_is_chickfila/ebzs49g/,"Oh, what a great post!!!  You got me!  =D  I cannot count how many times I have tried to go to Chick-fil-A or Hobby Lobby on a Sunday.",False,False
ebzoimh,t3_a6zwaa,t3_a6zwaa,nikiverse,1,2018-12-17 12:01:30,/r/EDAnonymous/comments/a6zwaa/all_i_want_is_chickfila/ebzoimh/,OMG I FEEL THIS WITH MY SOUL,False,False
ebzmx01,t3_a6zwaa,t3_a6zwaa,tigerchik,1,2018-12-17 11:40:22,/r/EDAnonymous/comments/a6zwaa/all_i_want_is_chickfila/ebzmx01/,"I was in the DFW airport last Sunday and surprised they were closed there, too, because airports always have people!",False,False
ebzmj8c,t3_a6zwaa,t3_a6zwaa,hoes-feratu,1,2018-12-17 11:35:18,/r/EDAnonymous/comments/a6zwaa/all_i_want_is_chickfila/ebzmj8c/,Two years ago I broke an 18 day low restriction streak with Chick-fil-A and haven't been able to successfully restrict ever since.   It's really an unstoppable force.,False,False
ebzkwiy,t3_a6zwaa,t3_a6zwaa,Alixxsupergr8,1,2018-12-17 11:14:12,/r/EDAnonymous/comments/a6zwaa/all_i_want_is_chickfila/ebzkwiy/,I could have written this word for word. I got through my work day a couple of weeks ago solely on the thoughts of waffle fries. Motherfucking Sunday. ,False,False
ebzhesn,t3_a6zwaa,t1_ebz615t,SaddBunni,1,2018-12-17 10:31:15,/r/EDAnonymous/comments/a6zwaa/all_i_want_is_chickfila/ebzhesn/,It's lower calorie than most Starbucks Frappes which is nice.,False,False
ebzehks,t3_a6zwaa,t3_a6zwaa,buffalocoinz,1,2018-12-17 09:54:39,/r/EDAnonymous/comments/a6zwaa/all_i_want_is_chickfila/ebzehks/,Fucking love Chick-fil-A. Their grilled stuff is actually really good too if you’re trying to be somewhat healthy haha.,False,False
ebzecqr,t3_a6zwaa,t3_a6zwaa,smittenkitt3n,1,2018-12-17 09:52:49,/r/EDAnonymous/comments/a6zwaa/all_i_want_is_chickfila/ebzecqr/,"LOL oh god that’s the worst!   hey, at least today is monday and you can get chik fil a!! 🤗",False,False
ebz634v,t3_a6zwaa,t1_ebz615t,BigFrameSkinnyAddict,1,2018-12-17 07:49:16,/r/EDAnonymous/comments/a6zwaa/all_i_want_is_chickfila/ebz634v/,"I believe it has like ice cream or something blended into it, not entirely sure though",False,False
ebz615t,t3_a6zwaa,t1_ebz5qyr,greycat91,1,2018-12-17 07:48:16,/r/EDAnonymous/comments/a6zwaa/all_i_want_is_chickfila/ebz615t/,Frozen coffee?? Oh my god maybe I can go there for breakfast🤔  today I’m trying to allow myself to eat whatever I want even if it turns into a binge. I figure something is better than nothing at this point ,False,True
ebz5qyr,t3_a6zwaa,t3_a6zwaa,BigFrameSkinnyAddict,1,2018-12-17 07:42:58,/r/EDAnonymous/comments/a6zwaa/all_i_want_is_chickfila/ebz5qyr/,I freaking love their wraps and frozen coffee call me a classic white b 😂,False,False
