Comment ID,Link ID,Parent ID,Author,Score,Publish Date,Permalink,Text,Stickied,Is Submitter
f9dotaa,t3_e4kytr,t3_e4kytr,banana_nutcase007,1,2019-12-01 15:24:04,/r/EDAnonymous/comments/e4kytr/why_hot_cheetos/f9dotaa/,"It all comes down to is it worth my asshole burning? Like super spicy Thai food yes. Omg sooo worth it! Panang curry and Tom kha noodles, where you at? Lmaoooo   When I tear up a bag of hot Cheetos the burn isn’t worth it because it’s just processed junk. Idk",False,False
f9djcnv,t3_e4kytr,t3_e4kytr,thedreamisover,2,2019-12-01 15:00:11,/r/EDAnonymous/comments/e4kytr/why_hot_cheetos/f9djcnv/,i felt this. its the right combination to turn on my “ooga booga let’s consume 3000 calories and all the salt in the world” mindset,False,False
f9d7j3z,t3_e4kytr,t1_f9cmv9b,thinkgooey,1,2019-12-01 14:08:39,/r/EDAnonymous/comments/e4kytr/why_hot_cheetos/f9d7j3z/,flaming hot cheeto puffs....my ultimate downfall and always will be,False,False
f9d6k9p,t3_e4kytr,t1_f9d5qrl,mimidudette,1,2019-12-01 14:04:30,/r/EDAnonymous/comments/e4kytr/why_hot_cheetos/f9d6k9p/,The only thing to do when your mouth is flaming from hot cheetos is to eat another cheeto.... so dangerous 😭,False,True
f9d5qrl,t3_e4kytr,t3_e4kytr,Hairless_Human,2,2019-12-01 14:01:20,/r/EDAnonymous/comments/e4kytr/why_hot_cheetos/f9d5qrl/,Number fackin 1 binge food for me. It amazes my bro how I can eat a whole PARTY size bag of flamming hot cheetos and not break a sweat or take a drink. While he has a couple and his moith is on fire. Heh weakling.,False,False
f9d0j7j,t3_e4kytr,t1_f9cmv9b,mimidudette,1,2019-12-01 13:35:39,/r/EDAnonymous/comments/e4kytr/why_hot_cheetos/f9d0j7j/,😭 crunchy puffy snacks... rip,False,True
f9cmv9b,t3_e4kytr,t3_e4kytr,wildflower_0ne,3,2019-12-01 12:36:19,/r/EDAnonymous/comments/e4kytr/why_hot_cheetos/f9cmv9b/,the puffs for me... ugh the puffs.,False,False
