Comment ID,Link ID,Parent ID,Author,Score,Publish Date,Permalink,Text,Stickied,Is Submitter
f25xlio,t3_dbxah1,t1_f24mai6,bipolarspacecop,1,2019-10-01 22:21:43,/r/EDAnonymous/comments/dbxah1/life_is_a_pizza_and_i_have_an_eating_disorder/f25xlio/,"I'm gonna hate it then go so long without it I go into a manic episode and binge on ""life experience""  Bipolar and BED - 2 for 1!",False,False
f25u71w,t3_dbxah1,t3_dbxah1,notracisthasblackcat,1,2019-10-01 21:38:49,/r/EDAnonymous/comments/dbxah1/life_is_a_pizza_and_i_have_an_eating_disorder/f25u71w/,lol I thought this was some kinda anti-joke. took a minute,False,False
f25k2a8,t3_dbxah1,t3_dbxah1,lastdayz12345,1,2019-10-01 19:35:26,/r/EDAnonymous/comments/dbxah1/life_is_a_pizza_and_i_have_an_eating_disorder/f25k2a8/,haha :) Thanks for posting this. I agree it is pretty funny because I have an eating disorder and that means I can't eat the pizza because of my thoughts. Thanks dude! Yeah good one. Hope your day is going great.,False,False
f25ae32,t3_dbxah1,t1_f2579g4,sintos-compa,1,2019-10-01 17:41:41,/r/EDAnonymous/comments/dbxah1/life_is_a_pizza_and_i_have_an_eating_disorder/f25ae32/,F,False,False
f25adjc,t3_dbxah1,t1_f24mai6,sintos-compa,1,2019-10-01 17:41:31,/r/EDAnonymous/comments/dbxah1/life_is_a_pizza_and_i_have_an_eating_disorder/f25adjc/,what about the erectile kind?,False,False
f2579g4,t3_dbxah1,t1_f255utm,sadgorlthrowwaway,1,2019-10-01 17:06:16,/r/EDAnonymous/comments/dbxah1/life_is_a_pizza_and_i_have_an_eating_disorder/f2579g4/,Respect,False,False
f255utm,t3_dbxah1,t1_f24kwfu,JANISwithaPANDA,1,2019-10-01 16:50:30,/r/EDAnonymous/comments/dbxah1/life_is_a_pizza_and_i_have_an_eating_disorder/f255utm/,And I am 14,False,False
f24wbuo,t3_dbxah1,t1_f24w8bh,rusted17,1,2019-10-01 15:24:40,/r/EDAnonymous/comments/dbxah1/life_is_a_pizza_and_i_have_an_eating_disorder/f24wbuo/,I feel like the saying “all is fair in love and war” extends to ed’s as well,False,False
f24w8bh,t3_dbxah1,t1_f24mh10,red_ossifrage,1,2019-10-01 15:23:50,/r/EDAnonymous/comments/dbxah1/life_is_a_pizza_and_i_have_an_eating_disorder/f24w8bh/,ED is a land of contrasts,False,False
f24mh10,t3_dbxah1,t1_f24mai6,rusted17,1,2019-10-01 13:46:43,/r/EDAnonymous/comments/dbxah1/life_is_a_pizza_and_i_have_an_eating_disorder/f24mh10/,The duality of literature,False,False
f24mai6,t3_dbxah1,t3_dbxah1,thoughtfulfox,1,2019-10-01 13:44:51,/r/EDAnonymous/comments/dbxah1/life_is_a_pizza_and_i_have_an_eating_disorder/f24mai6/,"No matter what kind of ED you have, this somehow applies",False,False
f24kwfu,t3_dbxah1,t3_dbxah1,sadgorlthrowwaway,1,2019-10-01 13:30:35,/r/EDAnonymous/comments/dbxah1/life_is_a_pizza_and_i_have_an_eating_disorder/f24kwfu/,This is deep,False,False
