Comment ID,Link ID,Parent ID,Author,Score,Publish Date,Permalink,Text,Stickied,Is Submitter
f77zyml,t3_duacz6,t1_f77iknq,r3sistcarnism,1,2019-11-11 08:10:24,/r/EDAnonymous/comments/duacz6/when_i_was_fat/f77zyml/,Also read the book Carbophobia and maybe not try to discuss science with a med student who has a biochem degree without evidence.,False,False
f77zn73,t3_duacz6,t1_f77iknq,r3sistcarnism,1,2019-11-11 08:05:51,/r/EDAnonymous/comments/duacz6/when_i_was_fat/f77zn73/,"Evidence that sugar is fattening? FYI de novo lipogenesis is incredibly inefficient and over 90% of the fat in our body comes from dietary fat. Fat is much preferentially stored as fat. Carbs are first stored as glycogen then fat, but a lot is lost as heat (look up dietary thermogenesis).  Also can't fully  understand what you're saying cuz you're clearly not a native English speaker.  Read the China Study people. Why are Asians so much leaner than Americans? Cuz they eat a starch based diet. Tell me how rice is more fattening than ice cream cuz it's more carb heavy?",False,False
f77mqfy,t3_duacz6,t3_duacz6,wallflowerbitca,1,2019-11-11 03:34:37,/r/EDAnonymous/comments/duacz6/when_i_was_fat/f77mqfy/,"When I was fat and starving to death, I was an inspiration, a triumph, a success story and an example of awe inspiring will power.  When I was a healthy weight and starving to death, I was disciplined, healthy, impressive... #lifegoals When I was underweight and starving to death, I was a tragedy, a waste of potential, worth protecting and a mystery. “We didn’t know, how could we have known how sick she was?”  You just can’t fucking win.",False,False
f77iknq,t3_duacz6,t1_f74udt3,zumlepurzo,1,2019-11-11 01:47:08,/r/EDAnonymous/comments/duacz6/when_i_was_fat/f77iknq/,"**Ice cream**   Made from milk. Lactose is a sugar : carbs   Lots more added sugar for taste : carbs   Milk has fats too course, but that's about 1-3% Much less than the carbs.     **Chocolate** Ingredients Cocoa + flavour + *MILK!* + *SUGAR*   So pretty much same as above.  Why do you think these foods are not carb heavy? They definitely are. I don't know why exactly you are being down-voted, maybe one reason is because you are somewhat incorrect!   They surely do have substantial amounts of fat, but also have plenty sugars *which are carbs*!!",False,False
f77cbez,t3_duacz6,t1_f74udt3,wetblanketdreams,1,2019-11-10 23:37:40,/r/EDAnonymous/comments/duacz6/when_i_was_fat/f77cbez/,Why are you being downvoted 🤔,False,False
f775wn2,t3_duacz6,t3_duacz6,CathairNowhere,1,2019-11-10 22:01:11,/r/EDAnonymous/comments/duacz6/when_i_was_fat/f775wn2/,I'm sorry you were surrounded by assholes. I hope it's better now.,False,False
f771ep3,t3_duacz6,t3_duacz6,UglyGirl9821,1,2019-11-10 21:01:43,/r/EDAnonymous/comments/duacz6/when_i_was_fat/f771ep3/,"💝💝 Internet hugs and kisses I understand where you’re coming from I can’t even tell you the number of times someone has told me “just lose weight, it’s easy. You’re just lazy and you have no discipline.” I just wrote a paper on how having a history of being molested and abused in childhood can lead to obesity, BED and eating disorders. There’s nothing more frustrating in the world than fighting with your own mind",False,False
f76x8hk,t3_duacz6,t3_duacz6,fmher,1,2019-11-10 20:09:41,/r/EDAnonymous/comments/duacz6/when_i_was_fat/f76x8hk/,"  I'm so proud of you! ❤️When you mentioned the part with your dad...I know the shame, the confusion. I love you Dad, I know I'm a fugly, bastard next to your beautiful daughters and youve forgotten I exist.. but hey! I'm your kid and I love you..isn't that worth something?..heh.🙆🏽    Laugh in their face when they show concern. They took part in it, they loved dropping those stabbing comments just so they could remind themselves how much better they were!",False,False
f76u7ul,t3_duacz6,t3_duacz6,MadSourCherry,3,2019-11-10 19:31:58,/r/EDAnonymous/comments/duacz6/when_i_was_fat/f76u7ul/,You have a really great talent for expressing yourself through writing.,False,False
f76qp3c,t3_duacz6,t3_duacz6,minor_details,3,2019-11-10 18:48:09,/r/EDAnonymous/comments/duacz6/when_i_was_fat/f76qp3c/,"i feel this so much. when you’re not a skinny legend, your weight is what defines you, and it’s not until you’ve lost that weight that you’re allowed to be a real person with attributes other than fatty mcfatfat. when you take up more space, you’re invisible. when you take up less, you stand out and become worthy of attention. my mother asked several times where she went wrong, my dad slapped my stomach when i was a kid because i took an extra piece of pizza, i was sent to fat camp and weight watchers in my childhood more times than i can count. i’m older now, in my mid 30’s, but this shit sticks with you and i’m so sorry you’re holding everything you are, because it hurts like nothing else does. i’m sending you the biggest hug.",False,False
f768c9v,t3_duacz6,t1_f73jbhi,btch-for-avo,2,2019-11-10 16:29:19,/r/EDAnonymous/comments/duacz6/when_i_was_fat/f768c9v/,"Thank you for your kind words, reading all the replies today has absolutely touched my heart. Wishing you happiness and peace as well x",False,True
f760gax,t3_duacz6,t3_duacz6,apwhorism,5,2019-11-10 15:28:39,/r/EDAnonymous/comments/duacz6/when_i_was_fat/f760gax/,"This is beautifully written. I'm sorry to hear of how cruelly people treated you.  Like 90% of the reason why I worked so hard to lose my freshman 15 (more like 25 lol) in just under 3 months was because I noticed such a harsh contrast in how I was treated. People, especially men, are so much nicer to me when I'm at the lower end of a 'healthy' bmi/slightly underweight. It's pretty gross. Also, it goes both ways: the thicker girls––the girls who used to be so, so cruel to me––were suddenly dying to be my friend after I gained 30 lb. It was weird to watch them suddenly accept me as human, as one of them.  I lost the weight because I got fed up with how my family treated me. We're Korean, so it's typical for anyone with a slightly overweight––or even mid-healthy––bmi to be treated as sub-human. (Obviously not all Koreans are like this, but culturally it's pretty acceptable to be overtly 'fatphobic'.) They said they don't know where their beautiful girl went, and don't you hate yourself for being so overweight?  (I wasn't. My bmi was twenty fucking one.)  I don't know why I went on a tangent about me; the post is about you, so that wasn't my intention. I guess my point is that I really empathize with your experiences and understand how people are so cruelly superficial. Sending you a virtual hug, bb",False,False
f75zts2,t3_duacz6,t3_duacz6,pandaqueen2012,3,2019-11-10 15:24:31,/r/EDAnonymous/comments/duacz6/when_i_was_fat/f75zts2/,"I've gained a lot of weight since having three kids, and having different medical issues pop up. I wish I could go back to what I thought was fat in highschool. I carry weight in my hips and butt, so my hips would bounce off the seat backs of the bus and it was so embarrassing. I would take that any day over where I'm at now",False,False
f75fwtf,t3_duacz6,t3_duacz6,honeywheeler,2,2019-11-10 13:38:46,/r/EDAnonymous/comments/duacz6/when_i_was_fat/f75fwtf/,This hit me deep.,False,False
f75df7e,t3_duacz6,t1_f74nmn0,arabella_05,3,2019-11-10 13:27:21,/r/EDAnonymous/comments/duacz6/when_i_was_fat/f75df7e/,"right?! this has me written all over it, and i definitely did not cry reading it ...",False,False
f751y3k,t3_duacz6,t1_f751n7z,wolfjob_dayjob,2,2019-11-10 12:36:58,/r/EDAnonymous/comments/duacz6/when_i_was_fat/f751y3k/,"The writing wouldn't seem to indicate that. Then again, OP would know.     People really are that shallow and some people really are terrible and don't change underneath once you get abs. I speak from only my own experience.",False,False
f751n7z,t3_duacz6,t1_f751byo,gastastic,1,2019-11-10 12:35:28,/r/EDAnonymous/comments/duacz6/when_i_was_fat/f751n7z/,The guy that called her a fat bitch then asked her out on a date post-weight loss.,False,False
f751byo,t3_duacz6,t1_f74z2w2,wolfjob_dayjob,1,2019-11-10 12:33:16,/r/EDAnonymous/comments/duacz6/when_i_was_fat/f751byo/,Which one?,False,False
f751bom,t3_duacz6,t1_f74udt3,wetblanketdreams,1,2019-11-10 12:33:12,/r/EDAnonymous/comments/duacz6/when_i_was_fat/f751bom/,💚,False,False
f7519lo,t3_duacz6,t3_duacz6,wolfjob_dayjob,1,2019-11-10 12:32:45,/r/EDAnonymous/comments/duacz6/when_i_was_fat/f7519lo/,I am glad you wrote this. Thank you for it.,False,False
f74z2w2,t3_duacz6,t3_duacz6,gastastic,2,2019-11-10 12:21:07,/r/EDAnonymous/comments/duacz6/when_i_was_fat/f74z2w2/,I really hope this guy has grown and is a better person.,False,False
f74uq3q,t3_duacz6,t3_duacz6,cbunni666,2,2019-11-10 11:51:21,/r/EDAnonymous/comments/duacz6/when_i_was_fat/f74uq3q/,Jesus christ I want to hug you. It hurt so bad to read that. But I truly understand. I just wish other people would.,False,False
f74udt3,t3_duacz6,t3_duacz6,r3sistcarnism,1,2019-11-10 11:48:12,/r/EDAnonymous/comments/duacz6/when_i_was_fat/f74udt3/,"Just wanna point out that ice cream and chocolate are mostly fat, not carbs, like other calorie dense junk foods. Totally not the point but just wanted to dismantle that misinformation. Can't stand it when people think the carbs in pizza, ice cream, carbonara, etc. are why they're fattening.  But also, fuck those people. And people then have the nerve to ask why we starve ourselves.",False,False
f74rn6c,t3_duacz6,t3_duacz6,KillMeFastOrSlow,1,2019-11-10 11:29:13,/r/EDAnonymous/comments/duacz6/when_i_was_fat/f74rn6c/,My dad respects me a lot more after I lost a lot of weight in my 30s. I also grew up in the early '90s which really gave form to the look I wanted.,False,False
f74nmn0,t3_duacz6,t3_duacz6,battlebeb,1,2019-11-10 11:01:22,/r/EDAnonymous/comments/duacz6/when_i_was_fat/f74nmn0/,"Wow, bold of you to write my life story like that.",False,False
f74mmwg,t3_duacz6,t3_duacz6,FeatherWorld,1,2019-11-10 10:53:31,/r/EDAnonymous/comments/duacz6/when_i_was_fat/f74mmwg/,"It's digusting how much a stark difference there is in how people treat you when you are overweight  vs normal/skinny/underweight. People are so fake and ungenuine and try to play it off that they always were into you or even don't recognize you, no matter that you struggled your whole life. Now that you are fitting society's ideals *now* they notice and treat you like you are *now* worthy of respect. It's a slap in the face.   I would give up my passion for food and cooking just to have some control and not care about food. The obsession is real.",False,False
f74lpx3,t3_duacz6,t3_duacz6,heisenberg_was_hot,1,2019-11-10 10:46:58,/r/EDAnonymous/comments/duacz6/when_i_was_fat/f74lpx3/,"i feel you man. hope you find peace. you should block and ghost that piece of shit, you don't need his approval and you deserve way better.",False,False
f74hlis,t3_duacz6,t3_duacz6,Althbird,2,2019-11-10 10:14:56,/r/EDAnonymous/comments/duacz6/when_i_was_fat/f74hlis/,This is so relatable. Making me feel all these emotions I usually stuff down. Lol - thanks for sharing,False,False
f74ax0q,t3_duacz6,t3_duacz6,ellesknits,1,2019-11-10 09:32:34,/r/EDAnonymous/comments/duacz6/when_i_was_fat/f74ax0q/,So well written. I'm sorry for what you've been through. I wish you all the best.,False,False
f746qcb,t3_duacz6,t3_duacz6,redtopiary,1,2019-11-10 09:14:12,/r/EDAnonymous/comments/duacz6/when_i_was_fat/f746qcb/,"I really feel this. I used to be obese, but I lost around 110 pounds in high school, so I came back one summer severely underweight. I was bullied my whole life over my weight, by both family and friends. Then I was suddenly worthy of talking to and hanging out with. It was perplexing and I was secretly very resentful for a while about it. Eventually people started to get concerned, but since my weight changed so dramatically in a year and a half, I felt no matter what I weighed, it wouldn't satisfy anyone. I'm never satisfied either though. The way I was treated so differently fucked with my head and still impacts me 8 years later. I am always nervous to see my family, because even when I'm barely a healthy BMI, they ALWAYS have to make some comment about my weight. I wish people could just focus on themselves. 99.9% of the time someone comments about my weight, they're overweight.",False,False
f743epv,t3_duacz6,t1_f73ua8v,just_another_mutant,1,2019-11-10 08:58:03,/r/EDAnonymous/comments/duacz6/when_i_was_fat/f743epv/,\^this\^ :),False,False
f73zubv,t3_duacz6,t3_duacz6,Jayick,1,2019-11-10 08:37:25,/r/EDAnonymous/comments/duacz6/when_i_was_fat/f73zubv/,"Heartbreaking, but society DOES treat you differently based on how you look.   I may edit this part out later, as I do with most of my Ed posts. But I've gone from 255 fat tub of lard, size 44 pants, all the way down to 155-160 size 30 with a six pack forming. I have almost no loose skin, I look amazing, feel amazing, and get treated so amazing by everyone I met.  I just moved to a new area. When I arrived I was fat. It was a bit of an odd place. I felt the people here stuck to themselves a bit more then usual. Suddenly in under a year I was near physical perfection. Suddenly, everyone wanted to talk to me, be around me, help me or get my help. The change was sudden, so sudden, I was still ""fat guy nice"". I actually ended up hurting a few friends because of this. Because it was all so new to me, I had no idea of their strong attractions and flirtatious behaviors. I'd visit them daily, make them little things, always text and hang out. To me I was making friends. To them they were building a relationship.  Society does treat you entirely different when you are physically attractive. And it's what entirely fuels my Bulimia.",False,False
f73vv7h,t3_duacz6,t3_duacz6,rkellz1,1,2019-11-10 08:20:54,/r/EDAnonymous/comments/duacz6/when_i_was_fat/f73vv7h/,This breaks my heart. I’m sorry. 💕💕,False,False
f73ua8v,t3_duacz6,t3_duacz6,InsomniacCyclops,1,2019-11-10 08:12:47,/r/EDAnonymous/comments/duacz6/when_i_was_fat/f73ua8v/,This is so well-written and powerful. If you wrote a memoir I would read the shit out of it.,False,False
f73jwyl,t3_duacz6,t3_duacz6,OhCrumbs96,1,2019-11-10 07:25:24,/r/EDAnonymous/comments/duacz6/when_i_was_fat/f73jwyl/,"This is heartbreaking. I am so sorry that you've had to go through this. As much as these awful words have probably stuck with you like a persistent blood-sucking mosquito, please try to remember that they say nothing about who you are as a person but speak volumes about the people who said them and the shitty attitudes of our society. It's no consolation, I know, but I bet you are a far more sensitive, empathetic and kind person than any of those assholes who hurt you in the past. I hope you can continue to heal from this.",False,False
f73jbhi,t3_duacz6,t3_duacz6,50shadesoftea,1,2019-11-10 07:21:39,/r/EDAnonymous/comments/duacz6/when_i_was_fat/f73jbhi/,"This is articulated so well and with so much emotion. Lovely to read but really illustrates the darkness in people treat overweight people... and they wonder why we develop EDs. Sending love and positive light to you, dear. I hope you heal from the trauma inside.",False,False
f739uon,t3_duacz6,t3_duacz6,talkingdonkeys,1,2019-11-10 06:39:31,/r/EDAnonymous/comments/duacz6/when_i_was_fat/f739uon/,Its so hard to focus on recovery when people treat you differently when you are at different weights. I identify with this post so much. Sending you ibternet hugs hun,False,False
