Comment ID,Link ID,Parent ID,Author,Score,Publish Date,Permalink,Text,Stickied,Is Submitter
fhbqyfi,t3_f28zg0,t3_f28zg0,PM_Me_Your_F00t,1,2020-02-11 13:06:38,/r/EDAnonymous/comments/f28zg0/fat_numbers/fhbqyfi/,"Omg yes. If its xx.5 I'm like ""hmm"". If it's.xx.4 and below, I'll feel happy that I'm close to the next lower digit. If it's xx.6 and above I'll just round it up to the heavier kg :))))",False,False
fhbmbzv,t3_f28zg0,t1_fhb7on1,SecretIdentity8594,1,2020-02-11 12:20:30,/r/EDAnonymous/comments/f28zg0/fat_numbers/fhbmbzv/,YESYESYESYESYESYES  This but for every multiple of 10,False,False
fhbln17,t3_f28zg0,t1_fhb7on1,wistar_rat,1,2020-02-11 12:13:38,/r/EDAnonymous/comments/f28zg0/fat_numbers/fhbln17/,"Exactly this. Anything after 6? ""Holy shit I've let myself *go*.""",False,False
fhbgt0q,t3_f28zg0,t1_fhb7on1,lupiform,1,2020-02-11 11:26:36,/r/EDAnonymous/comments/f28zg0/fat_numbers/fhbgt0q/,LOL realest thing I've read today,False,False
fhbdhlm,t3_f28zg0,t3_f28zg0,WilmaVilma,1,2020-02-11 10:53:58,/r/EDAnonymous/comments/f28zg0/fat_numbers/fhbdhlm/,"Yup, but for me it’s more like .9 feels like okay good making progress but we’re on thin fucking ice. .3 is the most annoying to me because it feels like *so close and yet so far*",False,False
fhb7on1,t3_f28zg0,t3_f28zg0,Sydney142,1,2020-02-11 09:55:55,/r/EDAnonymous/comments/f28zg0/fat_numbers/fhb7on1/,111 feels like “oh good I’m almost to the 110 barrier” while 109 feels like “oh shit I’m almost to the 110 barrier”,False,False
fhb27sr,t3_f28zg0,t3_f28zg0,aquariumbaby,1,2020-02-11 08:58:34,/r/EDAnonymous/comments/f28zg0/fat_numbers/fhb27sr/,i never noticed i think like this too lol if it ends in anything over 5 i lose my mind and want to restrict forever,False,False
fhb1fe8,t3_f28zg0,t3_f28zg0,lavenderblunt,1,2020-02-11 08:49:41,/r/EDAnonymous/comments/f28zg0/fat_numbers/fhb1fe8/,omg yes. four is basica,False,False
