Comment ID,Link ID,Parent ID,Author,Score,Publish Date,Permalink,Text,Stickied,Is Submitter
el04yel,t3_bdep5u,t1_ekz38u5,SlutForMarx,1,2019-04-16 01:57:25,/r/EDAnonymous/comments/bdep5u/got_called_out_by_the_pizza_guy/el04yel/,My favourite meme subreddit,False,False
ekzchke,t3_bdep5u,t1_ekyvir7,softcoffee,1,2019-04-15 18:57:38,/r/EDAnonymous/comments/bdep5u/got_called_out_by_the_pizza_guy/ekzchke/,"Oh shit, I always only order one drink! I hoped the variety of items would throw them off, and places always include multiple forks and napkins so maybe they don't know its just me 👀",False,False
ekzccft,t3_bdep5u,t3_bdep5u,softcoffee,1,2019-04-15 18:55:49,/r/EDAnonymous/comments/bdep5u/got_called_out_by_the_pizza_guy/ekzccft/,"I used to get called out for buying so much junk food and snacks, and I know the delivery drivers who brought my food from various places multiple times a week probably wondered why the same damn girl kept ordering all this food, sometimes multiple days in a row. One guy was like ""Oh, I saw you before! Enjoy all of this food!"", and I was like ""haha, yeah thanks (screw you). "" He was very nice but it made me wonder how many of them might be thinking I've got a problem.  I'm seriously hoping to cut out deliveries now, especially since I've spent an insane amount of money that could have gone to better things.",False,False
ekzb1hk,t3_bdep5u,t1_ekyvir7,twdawydhfthaa,1,2019-04-15 18:39:45,/r/EDAnonymous/comments/bdep5u/got_called_out_by_the_pizza_guy/ekzb1hk/,"Ughhh I accidentally did this to someone today at work 😭 served one guy his breakfast and then brought out another, put it opposite him with a new knife and fork on the assumption it was for his companion... she came  back from the bathroom ""did you order for me? "" ""no, these are both mine..."" I have been dying of embarrassment and regret all day, that would have killed me if it had happened to me.",False,False
ekz7qy7,t3_bdep5u,t1_ekyatty,SlutForGarrus,1,2019-04-15 18:00:19,/r/EDAnonymous/comments/bdep5u/got_called_out_by_the_pizza_guy/ekz7qy7/,"Taco Bell is the worst for this. I'm super indecisive and each thing is pretty cheap, so I literally order 20+ things. It doesn't seem like a lot when I rattle off the list, but when they hand me that heavy, steaming shopping bag of fast food (why is it so much heavier than other fast food!?!) I always feel like a beast.",False,False
ekz7e0f,t3_bdep5u,t1_ekz09m3,SlutForGarrus,1,2019-04-15 17:56:03,/r/EDAnonymous/comments/bdep5u/got_called_out_by_the_pizza_guy/ekz7e0f/,"I see someone is not thoroughly acquainted with the ""appetizer burger"". That order is 10 nugs and an extra burger short for Fat Me.",False,False
ekz69vr,t3_bdep5u,t1_ekz4k7l,mossalto,1,2019-04-15 17:43:20,/r/EDAnonymous/comments/bdep5u/got_called_out_by_the_pizza_guy/ekz69vr/,I live in a very special state of denial. If it's 5 people's worth of McDonalds then it doesn't count...somehow.,False,True
ekz4k7l,t3_bdep5u,t1_ekynvjc,SanguineMermaid,1,2019-04-15 17:24:22,/r/EDAnonymous/comments/bdep5u/got_called_out_by_the_pizza_guy/ekz4k7l/,"Am I the only one who really writes down their whole order?  Like, yeah I'm gonna eat three meals worth of food by myself rn but I still have to log it sooo 🤷🏻‍♀️",False,False
ekz38u5,t3_bdep5u,t1_ekydkek,That_child,1,2019-04-15 17:10:10,/r/EDAnonymous/comments/bdep5u/got_called_out_by_the_pizza_guy/ekz38u5/,r/2meirl42meirl,False,False
ekz0pl0,t3_bdep5u,t1_ekz09m3,Snowbae,1,2019-04-15 16:42:45,/r/EDAnonymous/comments/bdep5u/got_called_out_by_the_pizza_guy/ekz0pl0/,Luckily for me I don’t know anyone who lives near me other than my flat mates (live in London so pals are all spread out) and seeing someone I know see me buy that would be the biggest stress. I mostly dissociate when I binge but that is definitely reassuring!! Thanks 💕,False,False
ekz0gon,t3_bdep5u,t1_ekydkek,alcoholic_dinosaur,1,2019-04-15 16:39:56,/r/EDAnonymous/comments/bdep5u/got_called_out_by_the_pizza_guy/ekz0gon/,This is too relatable. Yikes.,False,False
ekz0dbc,t3_bdep5u,t1_ekyh4z7,Snowbae,1,2019-04-15 16:38:54,/r/EDAnonymous/comments/bdep5u/got_called_out_by_the_pizza_guy/ekz0dbc/,The real MVP coming in with life hacks. Gonna have to do this,False,False
ekz09m3,t3_bdep5u,t1_ekycvt1,doubleflipheart,1,2019-04-15 16:37:48,/r/EDAnonymous/comments/bdep5u/got_called_out_by_the_pizza_guy/ekz09m3/,"Sometimes people get a McFlurry in lieu of a drink, so 10 nuggets, a burger and a soft drink or ice cream? Seems pretty reasonable for an average person babe no worries on suspicion :)",False,False
ekyxb4i,t3_bdep5u,t1_ekyatty,tofu_snob,1,2019-04-15 15:43:50,/r/EDAnonymous/comments/bdep5u/got_called_out_by_the_pizza_guy/ekyxb4i/,This was literally me last night. 10 tacos and 3 nacho fries. :'(,False,False
ekyvir7,t3_bdep5u,t1_ekyatty,kdanica95,1,2019-04-15 15:25:32,/r/EDAnonymous/comments/bdep5u/got_called_out_by_the_pizza_guy/ekyvir7/,"“Only one drink” THIS lmao  Sometimes I’ll order an appropriate amount of drinks even though it costs more just to look less suspicious.  But my fave is when the delivery place puts like, three forks in an order like it’s for more than just one person 🤷‍♂️",False,False
ekynvjc,t3_bdep5u,t1_ekynt82,mossalto,1,2019-04-15 14:08:14,/r/EDAnonymous/comments/bdep5u/got_called_out_by_the_pizza_guy/ekynvjc/,Done that one. Or fake reading from a 'text',False,True
ekynt82,t3_bdep5u,t3_bdep5u,paroi_ny,1,2019-04-15 14:07:34,/r/EDAnonymous/comments/bdep5u/got_called_out_by_the_pizza_guy/ekynt82/,I write down what i'm ordering on a note and read of it so it looks like i'm ordering for multiple people 😎😎 no shame,False,False
ekyh4z7,t3_bdep5u,t1_ekyd0ea,scarsouvenir,1,2019-04-15 12:59:55,/r/EDAnonymous/comments/bdep5u/got_called_out_by_the_pizza_guy/ekyh4z7/,"I usually just get myself a Diet Coke and then an additional cup of water so I don’t have to actually pay for a second drink, but it looks like I bought 2 peoples’ meals lmao",False,False
ekydkek,t3_bdep5u,t1_eky8ah3,SlutForMarx,1,2019-04-15 12:23:46,/r/EDAnonymous/comments/bdep5u/got_called_out_by_the_pizza_guy/ekydkek/,You mean party for two: Just me and my crippling self-loathing.,False,False
ekyd66m,t3_bdep5u,t1_ekyd0ea,Snowbae,1,2019-04-15 12:19:44,/r/EDAnonymous/comments/bdep5u/got_called_out_by_the_pizza_guy/ekyd66m/,"Hahaha I need to do this multiple small chips things, that’s such a shout. The invention of the ‘order on screen’ things has made buying binge food so much easier and less embarrassing",False,False
ekyd0ea,t3_bdep5u,t1_ekycvt1,mossalto,1,2019-04-15 12:18:02,/r/EDAnonymous/comments/bdep5u/got_called_out_by_the_pizza_guy/ekyd0ea/,"Actually same. I have a standard McDonalds order that's 3 people's worth of food, and I even order multiple smaller fries instead of one large, but then one drink. I'm not as smart as I think I am.",False,True
ekycvt1,t3_bdep5u,t3_bdep5u,Snowbae,1,2019-04-15 12:16:42,/r/EDAnonymous/comments/bdep5u/got_called_out_by_the_pizza_guy/ekycvt1/,"Hahaha me when I buy 20 chicken nugs, chips, 2 cheeseburgers and a McFlurry but only one drink... suspicious",False,False
ekyatty,t3_bdep5u,t3_bdep5u,agnesiscalling,1,2019-04-15 11:55:43,/r/EDAnonymous/comments/bdep5u/got_called_out_by_the_pizza_guy/ekyatty/,"Got a fuck ton of Taco Bell delivered and the guy said something like “having a party?” And when I said yes, he just went “suuuuuure.” I was almost too embarrassed to eat the food after that... almost...",False,False
ekyaaw1,t3_bdep5u,t3_bdep5u,bored_souls,1,2019-04-15 11:50:22,/r/EDAnonymous/comments/bdep5u/got_called_out_by_the_pizza_guy/ekyaaw1/,"""Nope just your friendly neighbourhood bulimic getting their fix ;) """,False,False
eky8ah3,t3_bdep5u,t1_eky57xp,cleaver_username,1,2019-04-15 11:29:31,/r/EDAnonymous/comments/bdep5u/got_called_out_by_the_pizza_guy/eky8ah3/,Party of one!,False,False
eky57xp,t3_bdep5u,t3_bdep5u,asadghoul,1,2019-04-15 10:56:57,/r/EDAnonymous/comments/bdep5u/got_called_out_by_the_pizza_guy/eky57xp/,"Someone once asked me if I was having a party, I said yes.",False,False
eky4dnw,t3_bdep5u,t1_ekxy49c,SanforizedJeans,1,2019-04-15 10:47:56,/r/EDAnonymous/comments/bdep5u/got_called_out_by_the_pizza_guy/eky4dnw/,"I always just say something along the lines of ""my roommates and I take turns grocery shopping""",False,False
ekxy49c,t3_bdep5u,t3_bdep5u,Noodle-The-Noodle,1,2019-04-15 09:36:48,/r/EDAnonymous/comments/bdep5u/got_called_out_by_the_pizza_guy/ekxy49c/,"Anytime a grocery store employee or restaurant comments about me and my food I give them a really weird look and say ""Uh, I'm not going to eat any of this.""   &amp;#x200B;  No one has ever asked me to explain further and it makes things super weird but I can't stop doing it. I wonder what they think I'm doing lmao",False,False
ekxlotm,t3_bdep5u,t3_bdep5u,redhotjillypepper,1,2019-04-15 06:26:27,/r/EDAnonymous/comments/bdep5u/got_called_out_by_the_pizza_guy/ekxlotm/,"I swear there are people out there who would own up to that like 'yeah I bought myself a mini buffet because im LIVING MY BEST LIFE.""  I can almost remember when I was this kind of person (to that I don't still do that shit lol) but that version of me is fading fast",False,False
