Comment ID,Link ID,Parent ID,Author,Score,Publish Date,Permalink,Text,Stickied,Is Submitter
eb2t1s9,t3_a2txpi,t1_eb2qnux,WITCH79,1,2018-12-04 10:58:40,/r/EDAnonymous/comments/a2txpi/pizza_and_beer/eb2t1s9/,I might let myself have a slice this weekend if I’m on track all week. Yogas the only thing that’s keeping the craving at bay,False,True
eb2qnux,t3_a2txpi,t3_a2txpi,dethleib,1,2018-12-04 10:29:19,/r/EDAnonymous/comments/a2txpi/pizza_and_beer/eb2qnux/,"Ive been intensely craving pizza for days!! Checking online nutrition calculators for take our, reading frozen pizza boxes.. Nothing seems safe enough. Simultaneously cant stop thinking about gorging on gooey cheese but cant pull the trigger on it either 😐",False,False
eb1cxbt,t3_a2txpi,t1_eb1c5ly,WITCH79,1,2018-12-03 18:30:36,/r/EDAnonymous/comments/a2txpi/pizza_and_beer/eb1cxbt/,"Thank you, i get a thin crust from aldis thats about 700 total but I already maxed my cals out for the day. Ended up not binging at all or going over &amp; thanks for the beer suggestion omg 💗",False,True
eb1c5ly,t3_a2txpi,t3_a2txpi,shamefulanon,1,2018-12-03 18:19:15,/r/EDAnonymous/comments/a2txpi/pizza_and_beer/eb1c5ly/,"Dominos thin crust &amp; michelob/ Miller help me on those cravings. Michelob is 94 calories (I think), miller is 95  The thin crust pizza really isn’t too horrible on calories &amp; is soooooo good  A bottle of red wine is only like 625 calories so that’s usually my go to to get drunk. Beer is too filling so I don’t have it much anymore even tho I love it",False,False
eb15wg9,t3_a2txpi,t3_a2txpi,BeAMedici,1,2018-12-03 16:49:28,/r/EDAnonymous/comments/a2txpi/pizza_and_beer/eb15wg9/,You‘ll enjoy the pizza while you’re eating it (if at all) but imagine how you’ll feel the second you’ve finished it. Is that worth it?  Maybe get two slices or something from a diner so you won’t feel bad about it (cause you’re still within your limit)?,False,False
eb14wo0,t3_a2txpi,t3_a2txpi,gigi-has-issues,1,2018-12-03 16:36:02,/r/EDAnonymous/comments/a2txpi/pizza_and_beer/eb14wo0/,"Oh shit I read that as you HAD binged, nvmind! ",False,False
eb14vew,t3_a2txpi,t3_a2txpi,gigi-has-issues,1,2018-12-03 16:35:36,/r/EDAnonymous/comments/a2txpi/pizza_and_beer/eb14vew/,I binged 4250 calories in Saturday but in Sunday I got back in the wagon and started the master cleanse. One fuck up isn't going to ruin your entire life. Just regroup and you'll be fine! ,False,False
