Comment ID,Link ID,Parent ID,Author,Score,Publish Date,Permalink,Text,Stickied,Is Submitter
efwfqdx,t3_ann079,t3_ann079,pikapika350,1,2019-02-06 15:58:17,/r/EDAnonymous/comments/ann079/dae_hit_themselves_when_they_feel_ugly_and_fat/efwfqdx/,I don't hit myself but my urge to cut have been coming back strong recently... Dunno how I'd explain that to my boyfriend though cos I want to just cut all over haha ,False,False
efviv81,t3_ann079,t3_ann079,cinnamonbicycle,1,2019-02-06 09:50:07,/r/EDAnonymous/comments/ann079/dae_hit_themselves_when_they_feel_ugly_and_fat/efviv81/,"Yeah... feeling fat and disgusting is my main self-harm trigger. Hitting, cutting, burning, compulsive exercise, whatever's accessible.",False,False
efvism3,t3_ann079,t3_ann079,little0ranges,1,2019-02-06 09:49:15,/r/EDAnonymous/comments/ann079/dae_hit_themselves_when_they_feel_ugly_and_fat/efvism3/,You're not alone. Ive slapped myself in the face and I used to punch the tops of my thighs as hard as I could until my legs would shake. It sounds ridiculous but I don't regret doing that. What I do regret is the scars from cutting and burning myself with cigarettes. ,False,False
efvib2a,t3_ann079,t3_ann079,shapay199,1,2019-02-06 09:43:22,/r/EDAnonymous/comments/ann079/dae_hit_themselves_when_they_feel_ugly_and_fat/efvib2a/,I bite my hand/forearm. I’m scared of blood so never enough to make serious damage but it hurts enough to help a little in the heat of the moment.,False,False
efv8idg,t3_ann079,t3_ann079,s0ftbl00d,1,2019-02-06 07:24:37,/r/EDAnonymous/comments/ann079/dae_hit_themselves_when_they_feel_ugly_and_fat/efv8idg/,"I have hit, pinched, slapped to the point of bruising semi regularly at bad some low moments.",False,False
efuxshg,t3_ann079,t3_ann079,AsianMemes,1,2019-02-06 02:50:42,/r/EDAnonymous/comments/ann079/dae_hit_themselves_when_they_feel_ugly_and_fat/efuxshg/,I usually cut. For a certain amount of time I would cut my hand and then purge to make the pain even greater. ,False,False
efuu6aj,t3_ann079,t3_ann079,anhedonicandlaconic,1,2019-02-06 01:17:14,/r/EDAnonymous/comments/ann079/dae_hit_themselves_when_they_feel_ugly_and_fat/efuu6aj/,Yeah I cut and hit myself it's becoming a real problem ,False,False
efurmin,t3_ann079,t3_ann079,Scarletkittens,1,2019-02-06 00:19:27,/r/EDAnonymous/comments/ann079/dae_hit_themselves_when_they_feel_ugly_and_fat/efurmin/,"I grab at the fat as hard as I can and try to smooth it out flat. I guess I want to show myself what I could have, but it always comes jiggling back into place to make me miserable. ",False,False
efuppt7,t3_ann079,t1_efumisn,obviouslynotjackie,1,2019-02-05 23:41:56,/r/EDAnonymous/comments/ann079/dae_hit_themselves_when_they_feel_ugly_and_fat/efuppt7/,I did that too! But I hit myself so hard with my knuckle that it swelled up in front of my face (!!) and I got a lump under the bruise. That’s why I use dumbbells now haha ,False,True
efumisn,t3_ann079,t3_ann079,---t-away---,1,2019-02-05 22:47:07,/r/EDAnonymous/comments/ann079/dae_hit_themselves_when_they_feel_ugly_and_fat/efumisn/,"I used to (still kinda do) self harm in a similar way, where I would punch just below my hipbone until it bruised. Even then I still run into things etc too hard to try and make it bruise",False,False
